#0.0000     103.38491974 -0.24764906 
2.0024     0.11427219   -1.31770321 
2.0024     0.11427219   -1.31770321 
2.1794     0.35965466   -1.24406489 
2.1794     0.35965466   -1.24406489 
2.2955     0.13773011   -1.53556932 
2.2955     0.13773011   -1.53556932 
3.5000     0.30189342   -1.68496187 
3.5000     0.30189342   -1.68496187 
3.7159     0.05520888   -1.91883058 
3.7159     0.05520888   -1.91883058 
4.0036     0.03865451   -1.94737594 
4.0036     0.03865451   -1.94737594 
4.0048     0.07896932   -1.92905072 
4.0048     0.07896932   -1.92905072 
4.3589     0.16955347   -1.96405972 
4.3589     0.16955347   -1.96405972 
4.5910     0.04232745   -2.11255553 
4.5910     0.04232745   -2.11255553 
5.2697     0.13200481   -2.16863125 
5.2697     0.13200481   -2.16863125 
5.4763     0.15481537   -2.19573574 
5.4763     0.15481537   -2.19573574 
5.5105     0.00630527   -2.27779456 
