r          d               f
#0.0000     74.46982836  -0.48699590 
1.2019     0.08121811   -1.33744560 
1.2019     0.08121811   -1.33744560 
1.4961     0.02888066   -1.51708792 
1.4961     0.02888066   -1.51708792 
1.5275     0.14333055   -1.47786846 
1.5275     0.14333055   -1.47786846 
2.2432     0.00005463   -1.84109341 
2.2432     0.00005463   -1.84109341 
2.3059     0.09332681   -1.82088940 
2.3059     0.09332681   -1.82088940 
2.4037     0.03817614   -1.88048841 
2.4037     0.03817614   -1.88048841 
2.7746     0.03579758   -2.00167261 
2.7746     0.03579758   -2.00167261 
2.9921     0.01067108   -2.07775294 
2.9921     0.01067108   -2.07775294 
3.0551     0.05229793   -2.07720745 
3.0551     0.05229793   -2.07720745 
3.2733     0.00532339   -2.15896899 
3.2733     0.00532339   -2.15896899 
3.3452     0.04549597   -2.16040841 
3.3452     0.04549597   -2.16040841 
3.6056     0.02191129   -2.23855944 
3.6056     0.02191129   -2.23855944 
3.6188     0.00158760   -2.25082995 
3.6188     0.00158760   -2.25082995 
3.7225     0.04423760   -2.25768601 
3.7225     0.04423760   -2.25768601 
4.1881     0.01504934   -2.38043242 
4.1881     0.01504934   -2.38043242 
4.2220     0.02459604   -2.38383375 
4.2220     0.02459604   -2.38383375 
4.3916     0.00672760   -2.42916147 
4.3916     0.00672760   -2.42916147 
4.4668     0.02620589   -2.43682013 
4.4668     0.02620589   -2.43682013 
4.4864     0.00129833   -2.45199393 
4.4864     0.00129833   -2.45199393 
4.4882     0.00634861   -2.45017284 
4.4882     0.00634861   -2.45017284 
4.5826     0.02838938   -2.46048779 
4.5826     0.02838938   -2.46048779 
4.6119     0.03113696   -2.46542186 
4.6119     0.03113696   -2.46542186 
4.8074     0.01455701   -2.51316960 
4.8074     0.01455701   -2.51316960 
5.0632     0.00215937   -2.56960693 
5.0632     0.00215937   -2.56960693 
5.2022     0.02594148   -2.58605128 
5.2022     0.02594148   -2.58605128 
5.4816     0.00221869   -2.64900752 
5.4816     0.00221869   -2.64900752 
5.5449     0.00634932   -2.65882126 
5.5449     0.00634932   -2.65882126 
5.5493     0.01331484   -2.65655416 
5.5493     0.01331484   -2.65655416 
5.6188     0.02168471   -2.66549318 
5.6188     0.02168471   -2.66549318 
5.6216     0.01714583   -2.66801685 
5.6216     0.01714583   -2.66801685 
5.6443     0.00840157   -2.67595494 
5.6443     0.00840157   -2.67595494 
5.7113     0.01711877   -2.68415268 
5.7113     0.01711877   -2.68415268 
5.8324     0.00108462   -2.71264737 
5.8324     0.00108462   -2.71264737 
5.9842     0.00439250   -2.73765261 
5.9842     0.00439250   -2.73765261 
6.0013     0.02116937   -2.73321363 
6.0013     0.02116937   -2.73321363 
6.0093     0.01055436   -2.73926977 
6.0093     0.01055436   -2.73926977 
6.1101     0.01836146   -2.75306849 
6.1101     0.01836146   -2.75306849 
6.5309     0.00209884   -2.82991098 
6.5309     0.00209884   -2.82991098 
6.5466     0.00274460   -2.83216937 
6.5466     0.00274460   -2.83216937 
6.6904     0.01564099   -2.84951998 
6.6904     0.01564099   -2.84951998 
6.7034     0.01733196   -2.85084445 
6.7034     0.01733196   -2.85084445 
6.7153     0.00559764   -2.85788280 
6.7153     0.00559764   -2.85788280 
6.7296     0.00114558   -2.86207474 
6.7296     0.00114558   -2.86207474 
6.7928     0.01221426   -2.86719400 
6.7928     0.01221426   -2.86719400 
6.9178     0.01664519   -2.88472208 
6.9178     0.01664519   -2.88472208 
6.9455     0.00823440   -2.89268948 
6.9455     0.00823440   -2.89268948 
6.9796     0.01085384   -2.89680361 
6.9796     0.01085384   -2.89680361 
7.1171     0.00548689   -2.92012882 
7.1171     0.00548689   -2.92012882 
7.2111     0.00810138   -2.93316535 
7.2111     0.00810138   -2.93316535 
7.2166     0.01258308   -2.93202789 
7.2166     0.01258308   -2.93202789 
7.2376     0.00114884   -2.94016937 
7.2376     0.00114884   -2.94016937 
7.4450     0.01518217   -2.96472517 
7.4450     0.01518217   -2.96472517 
7.4803     0.00329149   -2.97509551 
7.4803     0.00329149   -2.97509551 
7.6376     0.01308722   -2.99359505 
7.6376     0.01308722   -2.99359505 
7.6522     0.00289349   -3.00015570 
7.6522     0.00289349   -3.00015570 
7.7101     0.00141238   -3.00908493 
7.7101     0.00141238   -3.00908493 
7.8000     0.01174616   -3.01733825 
7.8000     0.01174616   -3.01733825 
7.8952     0.00486092   -3.03375177 
7.8952     0.00486092   -3.03375177 
7.9112     0.01307308   -3.03238971 
7.9112     0.01307308   -3.03238971 
7.9731     0.00922656   -3.04272920 
7.9731     0.00922656   -3.04272920 
8.0091     0.00188899   -3.05092576 
8.0091     0.00188899   -3.05092576 
8.0624     0.00090576   -3.05872935 
8.0624     0.00090576   -3.05872935 
8.2144     0.01256256   -3.07445437 
8.2144     0.01256256   -3.07445437 
8.2951     0.01282709   -3.08528177 
8.2951     0.01282709   -3.08528177 
8.3239     0.00735602   -3.09156727 
8.3239     0.00735602   -3.09156727 
8.3762     0.00561377   -3.09935882 
8.3762     0.00561377   -3.09935882 
8.4130     0.00647166   -3.10390421 
8.4130     0.00647166   -3.10390421 
8.4441     0.00880726   -3.10703701 
8.4441     0.00880726   -3.10703701 
8.5979     0.00393897   -3.12952054 
8.5979     0.00393897   -3.12952054 
8.6732     0.00115428   -3.14061281 
8.6732     0.00115428   -3.14061281 
8.7297     0.00968840   -3.14423748 
8.7297     0.00968840   -3.14423748 
8.7461     0.00161470   -3.14989858 
8.7461     0.00161470   -3.14989858 
8.7832     0.00283817   -3.15417305 
8.7832     0.00283817   -3.15417305 
8.9167     0.01144153   -3.16758727 
8.9167     0.01144153   -3.16758727 
8.9336     0.00914291   -3.17075483 
8.9336     0.00914291   -3.17075483 
8.9557     0.01040257   -3.17303199 
8.9557     0.01040257   -3.17303199 
8.9728     0.00093786   -3.17933712 
8.9728     0.00093786   -3.17933712 
8.9763     0.00259443   -3.17906907 
8.9763     0.00259443   -3.17906907 
9.0808     0.00422578   -3.19160134 
9.0808     0.00422578   -3.19160134 
9.1591     0.00727052   -3.20011584 
9.1591     0.00727052   -3.20011584 
9.1652     0.00992201   -3.19971830 
9.1652     0.00992201   -3.19971830 
9.2238     0.01070114   -3.20670658 
9.2238     0.01070114   -3.20670658 
9.4442     0.00084623   -3.23826870 
9.4442     0.00084623   -3.23826870 
9.4929     0.00166763   -3.24385875 
9.4929     0.00166763   -3.24385875 
9.6148     0.00532496   -3.25707882 
9.6148     0.00532496   -3.25707882 
9.7127     0.00528856   -3.26888091 
9.7127     0.00528856   -3.26888091 
9.7174     0.01010601   -3.26733887 
9.7174     0.01010601   -3.26733887 
9.7305     0.00961855   -3.26912288 
9.7305     0.00961855   -3.26912288 
9.7469     0.00639244   -3.27250082 
9.7469     0.00639244   -3.27250082 
9.8199     0.00171700   -3.28325608 
9.8199     0.00171700   -3.28325608 
9.8264     0.00410316   -3.28298971 
9.8264     0.00410316   -3.28298971 
9.9276     0.00724241   -3.29360554 
9.9276     0.00724241   -3.29360554 
9.9308     0.00269063   -3.29597156 
9.9308     0.00269063   -3.29597156 
9.9452     0.00103702   -3.29839533 
9.9452     0.00103702   -3.29839533 
10.0356    0.00842365   -3.30578603 
10.0356    0.00842365   -3.30578603 
10.0829    0.00733236   -3.31179866 
10.0829    0.00733236   -3.31179866 
10.0832    0.00300815   -3.31371302 
10.0832    0.00300815   -3.31371302 
10.1264    0.00110964   -3.31957410 
10.1264    0.00110964   -3.31957410 
10.2096    0.00892835   -3.32581292 
10.2096    0.00892835   -3.32581292 
10.2470    0.00773282   -3.33064825 
10.2470    0.00773282   -3.33064825 
10.2702    0.00369669   -3.33508523 
10.2702    0.00369669   -3.33508523 
10.2981    0.00076158   -3.33957310 
10.2981    0.00076158   -3.33957310 
10.3487    0.00591312   -3.34312066 
10.3487    0.00591312   -3.34312066 
10.4045    0.00896966   -3.34815729 
10.4045    0.00896966   -3.34815729 
10.4724    0.00211793   -3.35886953 
10.4724    0.00211793   -3.35886953 
10.5942    0.00879035   -3.36970825 
10.5942    0.00879035   -3.36970825 
10.6927    0.00785085   -3.38115613 
10.6927    0.00785085   -3.38115613 
10.8167    0.00448169   -3.39641065 
10.8167    0.00448169   -3.39641065 
10.8564    0.00081618   -3.40240096 
10.8564    0.00081618   -3.40240096 
10.9205    0.00174128   -3.40905352 
10.9205    0.00174128   -3.40905352 
10.9633    0.00112554   -3.41402163 
10.9633    0.00112554   -3.41402163 
10.9800    0.00146981   -3.41570046 
10.9800    0.00146981   -3.41570046 
11.0899    0.00251005   -3.42723234 
11.0899    0.00251005   -3.42723234 
11.0985    0.00481401   -3.42716520 
11.0985    0.00481401   -3.42716520 
11.1293    0.00398930   -3.43085863 
11.1293    0.00398930   -3.43085863 
11.1404    0.00694312   -3.43077962 
11.1404    0.00694312   -3.43077962 
11.1675    0.00815565   -3.43317497 
11.1675    0.00815565   -3.43317497 
11.1975    0.00552967   -3.43755802 
11.1975    0.00552967   -3.43755802 
11.2160    0.00077359   -3.44162510 
11.2160    0.00077359   -3.44162510 
11.2376    0.00749674   -3.44102300 
11.2376    0.00749674   -3.44102300 
11.2433    0.00602679   -3.44227632 
11.2433    0.00602679   -3.44227632 
11.2497    0.00765872   -3.44224897 
11.2497    0.00765872   -3.44224897 
11.2886    0.00315474   -3.44839484 
11.2886    0.00315474   -3.44839484 
11.4227    0.00605432   -3.46143893 
11.4227    0.00605432   -3.46143893 
11.4622    0.00325902   -3.46685176 
11.4622    0.00325902   -3.46685176 
11.5297    0.00760337   -3.47209595 
11.5297    0.00760337   -3.47209595 
11.5408    0.00492831   -3.47443217 
11.5408    0.00492831   -3.47443217 
11.5712    0.00239823   -3.47874234 
11.5712    0.00239823   -3.47874234 
11.5904    0.00104204   -3.48135292 
11.5904    0.00104204   -3.48135292 
11.6648    0.00068669   -3.48930672 
11.6648    0.00068669   -3.48930672 
11.7669    0.00634649   -3.49748520 
11.7669    0.00634649   -3.49748520 
11.9023    0.00725279   -3.51109744 
11.9023    0.00725279   -3.51109744 
11.9684    0.00177434   -3.52028327 
11.9684    0.00177434   -3.52028327 
12.0026    0.00730479   -3.52136865 
12.0026    0.00730479   -3.52136865 
12.0154    0.00118221   -3.52534791 
12.0154    0.00118221   -3.52534791 
12.0185    0.00384042   -3.52451295 
12.0185    0.00384042   -3.52451295 
12.0404    0.00171533   -3.52767515 
12.0404    0.00171533   -3.52767515 
12.1833    0.00081559   -3.54259998 
12.1833    0.00081559   -3.54259998 
12.2202    0.00640913   -3.54389242 
12.2202    0.00640913   -3.54389242 
12.2572    0.00232458   -3.54941096 
12.2572    0.00232458   -3.54941096 
12.2636    0.00581787   -3.54852439 
12.2636    0.00581787   -3.54852439 
12.2884    0.00078472   -3.55322218 
12.2884    0.00078472   -3.55322218 
12.2972    0.00635203   -3.55167174 
12.2972    0.00635203   -3.55167174 
12.4115    0.00505507   -3.56369783 
12.4115    0.00505507   -3.56369783 
12.4692    0.00130083   -3.57108547 
12.4692    0.00130083   -3.57108547 
12.4832    0.00374735   -3.57140331 
12.4832    0.00374735   -3.57140331 
12.5108    0.00657845   -3.57291853 
12.5108    0.00657845   -3.57291853 
12.5174    0.00432461   -3.57455350 
12.5174    0.00432461   -3.57455350 
12.5365    0.00064666   -3.57804895 
12.5365    0.00064666   -3.57804895 
12.5643    0.00312617   -3.57972108 
12.5643    0.00312617   -3.57972108 
12.6359    0.00672667   -3.58521420 
12.6359    0.00672667   -3.58521420 
12.6560    0.00289563   -3.58887337 
12.6560    0.00289563   -3.58887337 
12.6661    0.00480249   -3.58903363 
12.6661    0.00480249   -3.58903363 
12.7347    0.00418810   -3.59603544 
12.7347    0.00418810   -3.59603544 
12.7586    0.00251911   -3.59910114 
12.7586    0.00251911   -3.59910114 
12.7708    0.00627960   -3.59865414 
12.7708    0.00627960   -3.59865414 
12.8957    0.00649213   -3.61071814 
12.8957    0.00649213   -3.61071814 
12.9254    0.00514125   -3.61418317 
12.9254    0.00514125   -3.61418317 
13.0599    0.00064522   -3.62912402 
13.0599    0.00064522   -3.62912402 
13.0611    0.00197283   -3.62866188 
13.0611    0.00197283   -3.62866188 
13.0618    0.00096761   -3.62915996 
13.0618    0.00096761   -3.62915996 
13.0932    0.00120733   -3.63207576 
13.0932    0.00120733   -3.63207576 
13.1748    0.00166026   -3.63968145 
13.1748    0.00166026   -3.63968145 
13.1893    0.00085785   -3.64141645 
13.1893    0.00085785   -3.64141645 
13.2204    0.00333904   -3.64329751 
13.2204    0.00333904   -3.64329751 
13.2886    0.00532477   -3.64892147 
13.2886    0.00532477   -3.64892147 
13.3808    0.00543636   -3.65758887 
13.3808    0.00543636   -3.65758887 
13.4003    0.00494793   -3.65964823 
13.4003    0.00494793   -3.65964823 
13.4069    0.00601001   -3.65980135 
13.4069    0.00601001   -3.65980135 
13.4307    0.00214705   -3.66372521 
13.4307    0.00214705   -3.66372521 
13.4370    0.00615337   -3.66257454 
13.4370    0.00615337   -3.66257454 
13.4592    0.00064964   -3.66705441 
13.4592    0.00064964   -3.66705441 
13.4645    0.00151644   -3.66717852 
13.4645    0.00151644   -3.66717852 
13.5276    0.00571238   -3.67127144 
13.5276    0.00571238   -3.67127144 
13.5856    0.00431216   -3.67730279 
13.5856    0.00431216   -3.67730279 
13.7341    0.00074836   -3.69265071 
13.7341    0.00074836   -3.69265071 
13.7477    0.00535900   -3.69190019 
13.7477    0.00535900   -3.69190019 
13.8357    0.00575326   -3.69984024 
13.8357    0.00575326   -3.69984024 
13.8513    0.00259193   -3.70265595 
13.8513    0.00259193   -3.70265595 
13.8732    0.00346128   -3.70428681 
13.8732    0.00346128   -3.70428681 
13.8909    0.00300062   -3.70611717 
13.8909    0.00300062   -3.70611717 
13.8927    0.00057950   -3.70733433 
13.8927    0.00057950   -3.70733433 
13.9301    0.00361562   -3.70943840 
13.9301    0.00361562   -3.70943840 
13.9592    0.00387142   -3.71199617 
13.9592    0.00387142   -3.71199617 
13.9600    0.00115879   -3.71324260 
13.9600    0.00115879   -3.71324260 
14.0121    0.00252565   -3.71740822 
14.0121    0.00252565   -3.71740822 
14.1168    0.00565311   -3.72556072 
14.1168    0.00565311   -3.72556072 
14.1473    0.00419999   -3.72895599 
14.1473    0.00419999   -3.72895599 
14.1910    0.00120773   -3.73421435 
14.1910    0.00120773   -3.73421435 
14.2257    0.00088877   -3.73748061 
14.2257    0.00088877   -3.73748061 
14.2341    0.00207069   -3.73772433 
14.2341    0.00207069   -3.73772433 
14.2934    0.00526705   -3.74166328 
14.2934    0.00526705   -3.74166328 
14.2944    0.00558208   -3.74161874 
14.2944    0.00558208   -3.74161874 
14.3201    0.00158968   -3.74566792 
14.3201    0.00158968   -3.74566792 
14.4222    0.00293854   -3.75420915 
14.4222    0.00293854   -3.75420915 
14.4230    0.00066831   -3.75526568 
14.4230    0.00066831   -3.75526568 
14.4333    0.00442739   -3.75454629 
14.4333    0.00442739   -3.75454629 
14.4752    0.00061391   -3.75994227 
14.4752    0.00061391   -3.75994227 
14.4831    0.00469880   -3.75886160 
14.4831    0.00469880   -3.75886160 
14.5381    0.00089431   -3.76540921 
14.5381    0.00089431   -3.76540921 
14.5476    0.00426314   -3.76478106 
14.5476    0.00426314   -3.76478106 
14.5523    0.00166231   -3.76633051 
14.5523    0.00166231   -3.76633051 
14.5726    0.00498678   -3.76668365 
14.5726    0.00498678   -3.76668365 
14.6087    0.00198279   -3.77118405 
14.6087    0.00198279   -3.77118405 
14.7642    0.00373062   -3.78410697 
14.7642    0.00373062   -3.78410697 
14.7764    0.00055623   -3.78655183 
14.7764    0.00055623   -3.78655183 
14.8115    0.00454769   -3.78789318 
14.8115    0.00454769   -3.78789318 
14.8135    0.00509979   -3.78782702 
14.8135    0.00509979   -3.78782702 
14.8900    0.00525269   -3.79443121 
14.8900    0.00525269   -3.79443121 
14.9161    0.00507952   -3.79678142 
14.9161    0.00507952   -3.79678142 
14.9605    0.00131671   -3.80228031 
14.9605    0.00131671   -3.80228031 
15.0476    0.00233579   -3.80937466 
15.0476    0.00233579   -3.80937466 
15.1264    0.00316224   -3.81581405 
15.1264    0.00316224   -3.81581405 
15.1896    0.00070892   -3.82230902 
15.1896    0.00070892   -3.82230902 
15.1986    0.00504161   -3.82119384 
15.1986    0.00504161   -3.82119384 
15.2552    0.00282946   -3.82700456 
15.2552    0.00282946   -3.82700456 
15.2750    0.00053802   -3.82969900 
15.2750    0.00053802   -3.82969900 
15.2753    0.00456629   -3.82796562 
15.2753    0.00456629   -3.82796562 
15.2863    0.00090625   -3.83050726 
15.2863    0.00090625   -3.83050726 
15.2894    0.00317303   -3.82978332 
15.2894    0.00317303   -3.82978332 
15.3045    0.00119066   -3.83193064 
15.3045    0.00119066   -3.83193064 
15.3154    0.00246090   -3.83231135 
15.3154    0.00246090   -3.83231135 
15.4176    0.00346967   -3.84056332 
15.4176    0.00346967   -3.84056332 
15.4203    0.00068950   -3.84200062 
15.4203    0.00068950   -3.84200062 
15.4517    0.00103902   -3.84451347 
15.4517    0.00103902   -3.84451347 
15.4691    0.00209097   -3.84552881 
15.4691    0.00209097   -3.84552881 
15.4741    0.00151224   -3.84620442 
15.4741    0.00151224   -3.84620442 
15.6001    0.00409989   -3.85570326 
15.6001    0.00409989   -3.85570326 
15.6067    0.00482770   -3.85594468 
15.6067    0.00482770   -3.85594468 
15.6241    0.00261219   -3.85836871 
15.6241    0.00261219   -3.85836871 
15.6373    0.00370197   -3.85900996 
15.6373    0.00370197   -3.85900996 
15.6402    0.00438022   -3.85895261 
15.6402    0.00438022   -3.85895261 
15.7023    0.00055498   -3.86582820 
15.7023    0.00055498   -3.86582820 
15.7030    0.00371560   -3.86450867 
15.7030    0.00371560   -3.86450867 
15.7135    0.00174122   -3.86624272 
15.7135    0.00174122   -3.86624272 
15.7171    0.00484078   -3.86519980 
15.7171    0.00484078   -3.86519980 
15.7904    0.00183306   -3.87262398 
15.7904    0.00183306   -3.87262398 
15.8169    0.00449845   -3.87367152 
15.8169    0.00449845   -3.87367152 
15.8223    0.00453096   -3.87410849 
15.8223    0.00453096   -3.87410849 
15.9053    0.00058565   -3.88271772 
15.9053    0.00058565   -3.88271772 
15.9449    0.00385957   -3.88457429 
15.9449    0.00385957   -3.88457429 
15.9463    0.00326646   -3.88494658 
15.9463    0.00326646   -3.88494658 
16.0182    0.00082588   -3.89194532 
16.0182    0.00082588   -3.89194532 
16.0444    0.00142722   -3.89384389 
16.0444    0.00142722   -3.89384389 
16.1248    0.00049987   -3.90085854 
16.1248    0.00049987   -3.90085854 
16.1416    0.00454614   -3.90047543 
16.1416    0.00454614   -3.90047543 
16.2447    0.00211803   -3.90996415 
16.2447    0.00211803   -3.90996415 
16.3236    0.00279630   -3.91609367 
16.3236    0.00279630   -3.91609367 
16.3353    0.00394103   -3.91654774 
16.3353    0.00394103   -3.91654774 
16.3566    0.00453901   -3.91801234 
16.3566    0.00453901   -3.91801234 
16.4287    0.00436287   -3.92393831 
16.4287    0.00436287   -3.92393831 
16.4566    0.00115830   -3.92758682 
16.4566    0.00115830   -3.92758682 
16.5902    0.00443833   -3.93691978 
16.5902    0.00443833   -3.93691978 
16.6478    0.00264226   -3.94232290 
16.6478    0.00264226   -3.94232290 
16.6522    0.00066918   -3.94353628 
16.6522    0.00066918   -3.94353628 
16.6569    0.00235621   -3.94317503 
16.6569    0.00235621   -3.94317503 
16.6770    0.00050840   -3.94558767 
16.6770    0.00050840   -3.94558767 
16.7253    0.00290151   -3.94840710 
16.7253    0.00290151   -3.94840710 
16.7260    0.00387224   -3.94803829 
16.7260    0.00387224   -3.94803829 
16.7288    0.00360864   -3.94838157 
16.7288    0.00360864   -3.94838157 
16.7524    0.00205887   -3.95093695 
16.7524    0.00205887   -3.95093695 
16.8028    0.00395075   -3.95412515 
16.8028    0.00395075   -3.95412515 
16.8259    0.00234232   -3.95666480 
16.8259    0.00234232   -3.95666480 
16.8564    0.00403920   -3.95834765 
16.8564    0.00403920   -3.95834765 
16.8649    0.00327093   -3.95935824 
16.8649    0.00327093   -3.95935824 
16.8882    0.00311979   -3.96126731 
16.8882    0.00311979   -3.96126731 
16.9329    0.00176600   -3.96539800 
16.9329    0.00176600   -3.96539800 
16.9442    0.00093754   -3.96665217 
16.9442    0.00093754   -3.96665217 
17.1033    0.00417916   -3.97776981 
17.1033    0.00417916   -3.97776981 
17.1171    0.00409997   -3.97889147 
17.1171    0.00409997   -3.97889147 
17.1311    0.00288962   -3.98051516 
17.1311    0.00288962   -3.98051516 
17.1340    0.00328811   -3.98057111 
17.1340    0.00328811   -3.98057111 
17.1579    0.00423461   -3.98202925 
17.1579    0.00423461   -3.98202925 
17.1957    0.00149114   -3.98618336 
17.1957    0.00149114   -3.98618336 
17.3411    0.00389919   -3.99646519 
17.3411    0.00389919   -3.99646519 
17.3465    0.00055856   -3.99833794 
17.3465    0.00055856   -3.99833794 
17.4593    0.00340031   -4.00584343 
17.4593    0.00340031   -4.00584343 
17.5009    0.00076287   -4.01020354 
17.5009    0.00076287   -4.01020354 
17.5022    0.00405857   -4.00887282 
17.5022    0.00405857   -4.00887282 
17.5214    0.00249590   -4.01102940 
17.5214    0.00249590   -4.01102940 
17.5371    0.00124370   -4.01278672 
17.5371    0.00124370   -4.01278672 
17.8266    0.00344481   -4.03399616 
17.8266    0.00344481   -4.03399616 
17.8334    0.00396542   -4.03427992 
17.8334    0.00396542   -4.03427992 
17.8597    0.00345694   -4.03650552 
17.8597    0.00345694   -4.03650552 
17.8671    0.00320177   -4.03718016 
17.8671    0.00320177   -4.03718016 
17.9115    0.00361553   -4.04036489 
17.9115    0.00361553   -4.04036489 
17.9439    0.00379788   -4.04274083 
17.9439    0.00379788   -4.04274083 
17.9526    0.00102983   -4.04461076 
17.9526    0.00102983   -4.04461076 
18.0038    0.00393012   -4.04721949 
18.0038    0.00393012   -4.04721949 
18.0280    0.00223230   -4.04977986 
18.0280    0.00223230   -4.04977986 
18.0321    0.00290564   -4.04979666 
18.0321    0.00290564   -4.04979666 
18.0622    0.00245566   -4.05226731 
18.0622    0.00245566   -4.05226731 
18.0737    0.00199435   -4.05333296 
18.0737    0.00199435   -4.05333296 
18.1198    0.00370358   -4.05605793 
18.1198    0.00370358   -4.05605793 
18.1203    0.00062992   -4.05743253 
18.1203    0.00062992   -4.05743253 
18.1761    0.00265352   -4.06074022 
18.1761    0.00265352   -4.06074022 
18.1989    0.00175209   -4.06284231 
18.1989    0.00175209   -4.06284231 
18.3181    0.00257905   -4.07139270 
18.3181    0.00257905   -4.07139270 
18.3303    0.00346151   -4.07191680 
18.3303    0.00346151   -4.07191680 
18.3680    0.00281728   -4.07500833 
18.3680    0.00281728   -4.07500833 
18.4019    0.00151659   -4.07809114 
18.4019    0.00151659   -4.07809114 
18.4373    0.00085086   -4.08100834 
18.4373    0.00085086   -4.08100834 
18.4476    0.00370746   -4.08052671 
18.4476    0.00370746   -4.08052671 
18.6048    0.00366035   -4.09217610 
18.6048    0.00366035   -4.09217610 
18.6125    0.00373531   -4.09270630 
18.6125    0.00373531   -4.09270630 
18.6357    0.00294161   -4.09476123 
18.6357    0.00294161   -4.09476123 
18.6802    0.00129612   -4.09874745 
18.6802    0.00129612   -4.09874745 
18.8658    0.00342107   -4.11141441 
18.8658    0.00342107   -4.11141441 
18.8884    0.00363560   -4.11296806 
18.8884    0.00363560   -4.11296806 
18.9396    0.00308337   -4.11693556 
18.9396    0.00308337   -4.11693556 
18.9758    0.00302366   -4.11959126 
18.9758    0.00302366   -4.11959126 
18.9840    0.00325070   -4.12008516 
18.9840    0.00325070   -4.12008516 
18.9857    0.00070634   -4.12131999 
18.9857    0.00070634   -4.12131999 
19.0133    0.00286172   -4.12237829 
19.0133    0.00286172   -4.12237829 
19.0304    0.00109728   -4.12438811 
19.0304    0.00109728   -4.12438811 
19.1455    0.00335334   -4.13172760 
19.1455    0.00335334   -4.13172760 
19.2035    0.00260099   -4.13623462 
19.2035    0.00260099   -4.13623462 
19.3180    0.00349805   -4.14406926 
19.3180    0.00349805   -4.14406926 
19.3846    0.00306383   -4.14902123 
19.3846    0.00306383   -4.14902123 
19.4212    0.00338764   -4.15149629 
19.4212    0.00338764   -4.15149629 
19.4224    0.00210213   -4.15213995 
19.4224    0.00210213   -4.15213995 
19.4253    0.00191097   -4.15242935 
19.4253    0.00191097   -4.15242935 
19.4347    0.00350091   -4.15241049 
19.4347    0.00350091   -4.15241049 
19.4487    0.00092391   -4.15452714 
19.4487    0.00092391   -4.15452714 
19.4609    0.00334380   -4.15434624 
19.4609    0.00334380   -4.15434624 
19.4938    0.00227781   -4.15714792 
19.4938    0.00227781   -4.15714792 
19.5024    0.00171197   -4.15800865 
19.5024    0.00171197   -4.15800865 
19.6385    0.00243056   -4.16735564 
19.6385    0.00243056   -4.16735564 
19.6528    0.00151247   -4.16876587 
19.6528    0.00151247   -4.16876587 
19.8065    0.00335691   -4.17879726 
19.8065    0.00335691   -4.17879726 
19.8551    0.00255558   -4.18256691 
19.8551    0.00255558   -4.18256691 
19.8578    0.00306555   -4.18253317 
19.8578    0.00306555   -4.18253317 
19.8749    0.00132027   -4.18449218 
19.8749    0.00132027   -4.18449218 
19.9308    0.00077651   -4.18864393 
19.9308    0.00077651   -4.18864393 
20.0629    0.00277554   -4.19699379 
