# Properties of 50 mock galaxies.
# The sky valued is assumed to be: 10000.00
# Truncation at 5.00 * radial parameter
# 
# 0: ID.
# 1: 0: Sersic, 1: Moffat, 2: Gaussian.
# 2: X position (FITS definition).
# 3: Y position (FITS definition).
# 4: Sersic n or Moffat beta.
# 5: Sersic re or Moffat FWHM.
# 6: Position angle, degrees.
# 7: Axis ratio.
# 8: Signal to noise (average profile flux/sky).
# 9: Total flux (Sky subtracted).

1     0     201.9281   192.2293   2.7     12      168   0.64    0.0052  3517.5251  
2     0     184.3144   88.6765    0.69    12      88    0.63    0.037   25301.1680 
3     0     -1.1952    130.1108   2.4     17      50    0.7     0.031   47146.0195 
4     0     12.1192    -12.1978   1.1     29      178   0.59    0.044   169393.0000
5     0     153.5255   105.4526   1.3     26      87    0.65    0.043   140714.2656
6     0     15.6227    -6.2128    3.3     13      261   0.74    0.0055  5464.8198  
7     0     175.1984   28.4911    2.4     19      165   0.25    0.049   33677.9062 
8     0     30.2092    79.9537    1.2     28      188   0.68    0.02    80860.6719 
9     0     71.4263    175.5465   0.56    20      212   0.54    0.017   28932.0605 
10    0     146.8492   207.7537   1.2     6.5     292   0.28    0.046   4144.9780  
11    0     138.8659   203.7113   0.67    10      195   0.28    0.041   9544.7334  
12    0     76.2034    11.4428    3.1     23      227   0.74    0.043   132305.3281
13    0     110.7039   170.4495   2.5     1.5     277   0.6     0.029   292.2496   
14    0     64.7578    216.1966   2.8     25      202   0.65    0.0069  21347.5352 
15    0     72.9306    167.7918   0.95    7.9     130   0.3     0.04    5975.7690  
16    0     16.6914    170.4368   2.4     22      224   0.6     0.04    91246.6641 
17    0     154.9947   194.9253   2.2     16      187   0.4     0.0066  5642.4683  
18    0     184.2422   44.4931    1       1.5     277   0.3     0.021   100.0180   
19    0     125.9939   212.4812   3.8     24      23    0.36    0.042   67731.4609 
20    0     82.3540    166.7430   2.7     9.7     329   0.78    0.0071  4112.7925  
21    0     39.2081    103.5973   3.8     25      244   0.26    0.012   14501.4863 
22    0     -9.6802    -9.8959    3.7     29      320   0.89    0.01    63311.2930 
23    0     82.1893    192.5621   2.9     17      111   0.51    0.029   34869.5703 
24    0     13.7899    159.1939   2       29      71    0.89    0.016   93862.3047 
25    0     133.5261   64.1350    1.1     5.8     123   0.47    0.009   1128.2998  
26    0     151.4935   195.9378   1.8     24      219   0.24    0.036   38497.6367 
27    0     19.1077    156.0546   3.8     14      207   0.27    0.025   9875.7480  
28    0     71.1899    18.8311    1.8     5.9     118   0.5     0.027   3679.4851  
29    0     147.8980   -9.7296    2.3     30      251   0.91    0.017   107972.0469
30    0     148.7036   175.3092   2.7     19      14    0.81    0.018   40439.0742 
31    0     211.4233   176.1554   3.8     26      122   0.65    0.036   126873.4531
32    0     2.4382     8.3606     1.1     26      105   0.97    0.04    205182.2656
33    0     112.4601   13.8734    3.5     27      330   0.98    0.024   135838.3125
34    0     192.5940   51.5896    1.4     29      320   0.32    0.032   68484.8594 
35    0     52.5258    67.8349    1       11      213   0.45    0.04    16268.4434 
36    0     9.9071     137.2134   3.9     26      292   0.87    0.012   53561.8594 
37    0     153.5833   30.6390    3.2     22      16    0.72    0.025   65721.5859 
38    0     210.2358   25.6608    1       2.1     47    0.91    0.05    1626.8641  
39    0     7.4955     14.1451    2.6     13      76    0.99    0.046   63636.1914 
40    0     80.9149    118.5011   3.6     25      20    0.97    0.0057  28240.3945 
41    0     51.2482    53.2238    1.3     19      251   0.55    0.022   33947.7344 
42    0     6.7591     17.4249    2.7     28      155   0.69    0.044   191986.9531
43    0     146.3265   9.2561     0.64    7.7     254   0.54    0.021   5267.1123  
44    0     163.1980   131.1933   3.2     5.5     41    0.88    0.043   9001.0176  
45    0     207.0024   194.3526   2.1     11      59    0.52    0.025   11410.5596 
46    0     93.2747    -3.1168    2.9     4.4     269   0.33    0.0059  306.4958   
47    0     113.4258   86.2903    3.5     6.2     250   0.5     0.024   3647.5698  
48    0     -7.8336    19.1490    1.2     14      67    0.71    0.022   22539.0801 
49    0     3.8041     68.8599    2.7     26      121   0.46    0.034   79108.2578 
50    0     157.5093   163.3917   1.8     5.7     351   0.63    0.015   2438.8215  
