0.0        1.000000   1.000000   1.000000   1.000000   1.000000  
0.1        0.998892   0.998676   0.998753   0.998790   0.998811  
0.2        0.995574   0.994719   0.995026   0.995171   0.995255  
0.3        0.990068   0.988177   0.988855   0.989176   0.989362  
0.4        0.982412   0.979125   0.980301   0.980858   0.981182  
0.5        0.972655   0.967669   0.969447   0.970291   0.970784  
0.6        0.960861   0.953938   0.956398   0.957569   0.958254  
0.7        0.947107   0.938083   0.941276   0.942801   0.943695  
0.8        0.931482   0.920276   0.924221   0.926114   0.927224  
0.9        0.914085   0.900701   0.905387   0.907645   0.908973  
1.0        0.895025   0.879553   0.884938   0.887545   0.889082  
1.1        0.874421   0.857034   0.863046   0.865972   0.867702  
1.2        0.852398   0.833349   0.839891   0.843092   0.844989  
1.3        0.829090   0.808701   0.815651   0.819072   0.821105  
1.4        0.804631   0.783289   0.790509   0.794083   0.796215  
1.5        0.779165   0.757306   0.764642   0.768296   0.770482  
1.6        0.752832   0.730936   0.738225   0.741877   0.744070  
1.7        0.725778   0.704350   0.711423   0.714990   0.717138  
1.8        0.698146   0.677706   0.684396   0.687790   0.689842  
1.9        0.670077   0.651152   0.657293   0.660428   0.662330  
2.0        0.641713   0.624817   0.630251   0.633044   0.634744  
2.1        0.613187   0.598817   0.603400   0.605769   0.607215  
2.2        0.584632   0.573255   0.576852   0.578723   0.579869  
2.3        0.556171   0.548217   0.550711   0.552015   0.552817  
2.4        0.527923   0.523779   0.525067   0.525745   0.526163  
2.5        0.500000   0.500000   0.500000   0.500000   0.500000  
2.6        0.472505   0.476930   0.475576   0.474856   0.474409  
2.7        0.445532   0.454607   0.451851   0.450378   0.449461  
2.8        0.419168   0.433059   0.428870   0.426621   0.425218  
2.9        0.393490   0.412305   0.406668   0.403630   0.401730  
3.0        0.368568   0.392356   0.385273   0.381440   0.379037  
3.1        0.344458   0.373215   0.364702   0.360078   0.357174  
3.2        0.321213   0.354880   0.344965   0.339562   0.336162  
3.3        0.298872   0.337343   0.326066   0.319903   0.316019  
3.4        0.277470   0.320594   0.308003   0.301106   0.296752  
3.5        0.257029   0.304615   0.290769   0.283169   0.278365  
3.6        0.237566   0.289389   0.274352   0.266084   0.260853  
3.7        0.219091   0.274894   0.258736   0.249841   0.244208  
3.8        0.201605   0.261107   0.243902   0.234422   0.228416  
3.9        0.185103   0.248005   0.229830   0.219810   0.213461  
4.0        0.169576   0.235561   0.216494   0.205983   0.199322  
4.1        0.155007   0.223750   0.203871   0.192916   0.185975  
4.2        0.141375   0.212545   0.191934   0.180584   0.173396  
4.3        0.128657   0.201921   0.180656   0.168959   0.161557  
4.4        0.116824   0.191850   0.170010   0.158013   0.150429  
4.5        0.105843   0.182309   0.159967   0.147717   0.139984  
4.6        0.095683   0.173270   0.150499   0.138042   0.130191  
4.7        0.086306   0.164710   0.141580   0.128959   0.121019  
4.8        0.077676   0.156605   0.133183   0.120439   0.112440  
4.9        0.069753   0.148931   0.125279   0.112454   0.104421  
5.0        0.062500   0.141666   0.117845   0.104974   0.096935  
5.1        0.055877   0.134789   0.110855   0.097974   0.089951  
5.2        0.049845   0.128278   0.104284   0.091425   0.083441  
5.3        0.044366   0.122115   0.098109   0.085303   0.077378  
5.4        0.039402   0.116281   0.092308   0.079582   0.071735  
5.5        0.034915   0.110757   0.086860   0.074239   0.066487  
5.6        0.030871   0.105527   0.081743   0.069251   0.061609  
5.7        0.027235   0.100574   0.076939   0.064596   0.057078  
5.8        0.023974   0.095883   0.072429   0.060253   0.052870  
5.9        0.021056   0.091439   0.068195   0.056203   0.048966  
6.0        0.018453   0.087229   0.064220   0.052427   0.045344  
6.1        0.016136   0.083239   0.060489   0.048907   0.041987  
6.2        0.014078   0.079458   0.056987   0.045626   0.038874  
6.3        0.012256   0.075873   0.053699   0.042569   0.035991  
6.4        0.010646   0.072473   0.050613   0.039721   0.033320  
6.5        0.009227   0.069249   0.047715   0.037067   0.030847  
6.6        0.007979   0.066190   0.044995   0.034596   0.028557  
6.7        0.006885   0.063287   0.042441   0.032294   0.026439  
6.8        0.005927   0.060532   0.040042   0.030149   0.024478  
6.9        0.005092   0.057915   0.037789   0.028152   0.022664  
7.0        0.004364   0.055430   0.035672   0.026292   0.020985  
7.1        0.003733   0.053070   0.033684   0.024560   0.019433  
7.2        0.003185   0.050826   0.031815   0.022946   0.017997  
7.3        0.002712   0.048693   0.030059   0.021442   0.016669  
7.4        0.002304   0.046665   0.028408   0.020042   0.015441  
7.5        0.001953   0.044736   0.026856   0.018737   0.014306  
7.6        0.001652   0.042901   0.025396   0.017521   0.013256  
7.7        0.001394   0.041154   0.024023   0.016389   0.012285  
7.8        0.001174   0.039491   0.022731   0.015333   0.011387  
7.9        0.000986   0.037907   0.021515   0.014348   0.010556  
8.0        0.000827   0.036398   0.020370   0.013431   0.009788  
8.1        0.000692   0.034961   0.019292   0.012575   0.009078  
8.2        0.000577   0.033590   0.018277   0.011777   0.008421  
8.3        0.000481   0.032283   0.017321   0.011033   0.007813  
8.4        0.000399   0.031036   0.016420   0.010338   0.007250  
8.5        0.000331   0.029847   0.015570   0.009690   0.006730  
8.6        0.000274   0.028711   0.014769   0.009086   0.006248  
8.7        0.000226   0.027628   0.014014   0.008521   0.005802  
8.8        0.000186   0.026592   0.013302   0.007994   0.005390  
8.9        0.000153   0.025603   0.012629   0.007501   0.005007  
9.0        0.000126   0.024658   0.011994   0.007041   0.004654  
9.1        0.000103   0.023755   0.011395   0.006611   0.004326  
9.2        0.000084   0.022891   0.010829   0.006210   0.004022  
9.3        0.000068   0.022065   0.010295   0.005834   0.003741  
9.4        0.000055   0.021275   0.009789   0.005483   0.003480  
9.5        0.000045   0.020518   0.009312   0.005154   0.003239  
9.6        0.000036   0.019794   0.008860   0.004847   0.003015  
9.7        0.000029   0.019100   0.008433   0.004559   0.002807  
9.8        0.000024   0.018436   0.008029   0.004290   0.002614  
9.9        0.000019   0.017799   0.007646   0.004038   0.002435  
10.0       0.000015   0.017189   0.007284   0.003801   0.002270  
10.1       0.000012   0.016604   0.006941   0.003580   0.002116  
10.2       0.000010   0.016043   0.006616   0.003373   0.001973  
10.3       0.000008   0.015504   0.006308   0.003178   0.001840  
10.4       0.000006   0.014988   0.006017   0.002996   0.001716  
10.5       0.000005   0.014492   0.005740   0.002825   0.001602  
10.6       0.000004   0.014016   0.005478   0.002664   0.001495  
10.7       0.000003   0.013559   0.005229   0.002514   0.001396  
10.8       0.000002   0.013120   0.004993   0.002372   0.001304  
10.9       0.000002   0.012699   0.004769   0.002240   0.001219  
11.0       0.000001   0.012293   0.004556   0.002115   0.001139  
11.1       0.000001   0.011903   0.004354   0.001998   0.001065  
11.2       0.000001   0.011529   0.004162   0.001888   0.000996  
11.3       0.000001   0.011168   0.003980   0.001784   0.000932  
11.4       0.000001   0.010821   0.003806   0.001687   0.000872  
11.5       0.000000   0.010488   0.003641   0.001595   0.000816  
11.6       0.000000   0.010166   0.003485   0.001509   0.000764  
11.7       0.000000   0.009857   0.003335   0.001428   0.000715  
11.8       0.000000   0.009559   0.003194   0.001352   0.000670  
11.9       0.000000   0.009272   0.003058   0.001280   0.000628  
12.0       0.000000   0.008996   0.002930   0.001212   0.000589  
12.1       0.000000   0.008729   0.002807   0.001148   0.000552  
12.2       0.000000   0.008472   0.002691   0.001088   0.000518  
12.3       0.000000   0.008225   0.002579   0.001031   0.000486  
12.4       0.000000   0.007986   0.002473   0.000978   0.000456  
12.5       0.000000   0.007755   0.002372   0.000928   0.000428  
12.6       0.000000   0.007533   0.002276   0.000880   0.000402  
12.7       0.000000   0.007318   0.002184   0.000835   0.000378  
12.8       0.000000   0.007111   0.002096   0.000793   0.000355  
12.9       0.000000   0.006911   0.002012   0.000752   0.000333  
13.0       0.000000   0.006718   0.001933   0.000715   0.000313  
13.1       0.000000   0.006532   0.001856   0.000679   0.000295  
13.2       0.000000   0.006351   0.001783   0.000645   0.000277  
13.3       0.000000   0.006177   0.001714   0.000613   0.000261  
13.4       0.000000   0.006009   0.001647   0.000583   0.000246  
13.5       0.000000   0.005846   0.001584   0.000554   0.000231  
13.6       0.000000   0.005689   0.001523   0.000527   0.000218  
13.7       0.000000   0.005537   0.001465   0.000502   0.000205  
13.8       0.000000   0.005390   0.001409   0.000477   0.000193  
13.9       0.000000   0.005247   0.001356   0.000454   0.000182  
14.0       0.000000   0.005110   0.001305   0.000433   0.000172  
14.1       0.000000   0.004976   0.001256   0.000412   0.000162  
14.2       0.000000   0.004847   0.001209   0.000393   0.000153  
14.3       0.000000   0.004722   0.001165   0.000374   0.000144  
14.4       0.000000   0.004601   0.001122   0.000357   0.000136  
14.5       0.000000   0.004484   0.001081   0.000340   0.000128  
14.6       0.000000   0.004370   0.001042   0.000324   0.000121  
14.7       0.000000   0.004260   0.001004   0.000309   0.000114  
14.8       0.000000   0.004153   0.000968   0.000295   0.000108  
14.9       0.000000   0.004050   0.000933   0.000281   0.000102  
15.0       0.000000   0.003950   0.000900   0.000269   0.000097  
15.1       0.000000   0.003853   0.000868   0.000256   0.000091  
15.2       0.000000   0.003758   0.000838   0.000245   0.000086  
15.3       0.000000   0.003667   0.000808   0.000234   0.000082  
15.4       0.000000   0.003578   0.000780   0.000223   0.000077  
15.5       0.000000   0.003492   0.000753   0.000213   0.000073  
15.6       0.000000   0.003408   0.000727   0.000204   0.000069  
15.7       0.000000   0.003327   0.000702   0.000195   0.000066  
15.8       0.000000   0.003249   0.000678   0.000186   0.000062  
15.9       0.000000   0.003172   0.000655   0.000178   0.000059  
16.0       0.000000   0.003098   0.000633   0.000171   0.000056  
16.1       0.000000   0.003026   0.000612   0.000163   0.000053  
16.2       0.000000   0.002956   0.000591   0.000156   0.000050  
16.3       0.000000   0.002888   0.000572   0.000150   0.000048  
16.4       0.000000   0.002822   0.000553   0.000143   0.000045  
16.5       0.000000   0.002758   0.000534   0.000137   0.000043  
16.6       0.000000   0.002695   0.000517   0.000131   0.000041  
16.7       0.000000   0.002634   0.000500   0.000126   0.000039  
16.8       0.000000   0.002575   0.000484   0.000121   0.000037  
16.9       0.000000   0.002518   0.000468   0.000115   0.000035  
17.0       0.000000   0.002462   0.000453   0.000111   0.000033  
17.1       0.000000   0.002408   0.000439   0.000106   0.000031  
17.2       0.000000   0.002355   0.000425   0.000102   0.000030  
17.3       0.000000   0.002304   0.000411   0.000098   0.000028  
17.4       0.000000   0.002254   0.000398   0.000094   0.000027  
17.5       0.000000   0.002205   0.000386   0.000090   0.000026  
17.6       0.000000   0.002157   0.000374   0.000086   0.000024  
17.7       0.000000   0.002111   0.000362   0.000083   0.000023  
17.8       0.000000   0.002066   0.000351   0.000079   0.000022  
17.9       0.000000   0.002023   0.000340   0.000076   0.000021  
18.0       0.000000   0.001980   0.000330   0.000073   0.000020  
18.1       0.000000   0.001939   0.000320   0.000070   0.000019  
18.2       0.000000   0.001898   0.000310   0.000068   0.000018  
18.3       0.000000   0.001859   0.000301   0.000065   0.000017  
18.4       0.000000   0.001820   0.000292   0.000062   0.000016  
18.5       0.000000   0.001783   0.000283   0.000060   0.000016  
18.6       0.000000   0.001747   0.000274   0.000058   0.000015  
18.7       0.000000   0.001711   0.000266   0.000055   0.000014  
18.8       0.000000   0.001676   0.000258   0.000053   0.000014  
18.9       0.000000   0.001643   0.000251   0.000051   0.000013  
19.0       0.000000   0.001610   0.000244   0.000049   0.000012  
19.1       0.000000   0.001578   0.000236   0.000048   0.000012  
19.2       0.000000   0.001546   0.000230   0.000046   0.000011  
19.3       0.000000   0.001516   0.000223   0.000044   0.000011  
19.4       0.000000   0.001486   0.000217   0.000042   0.000010  
19.5       0.000000   0.001457   0.000210   0.000041   0.000010  
19.6       0.000000   0.001428   0.000204   0.000039   0.000009  
19.7       0.000000   0.001401   0.000199   0.000038   0.000009  
19.8       0.000000   0.001374   0.000193   0.000036   0.000009  
19.9       0.000000   0.001347   0.000188   0.000035   0.000008  
20.0       0.000000   0.001321   0.000182   0.000034   0.000008  
20.1       0.000000   0.001296   0.000177   0.000033   0.000007  
20.2       0.000000   0.001272   0.000172   0.000031   0.000007  
20.3       0.000000   0.001248   0.000168   0.000030   0.000007  
20.4       0.000000   0.001224   0.000163   0.000029   0.000006  
20.5       0.000000   0.001201   0.000159   0.000028   0.000006  
20.6       0.000000   0.001179   0.000154   0.000027   0.000006  
20.7       0.000000   0.001157   0.000150   0.000026   0.000006  
20.8       0.000000   0.001136   0.000146   0.000025   0.000005  
20.9       0.000000   0.001115   0.000142   0.000024   0.000005  
21.0       0.000000   0.001094   0.000138   0.000024   0.000005  
21.1       0.000000   0.001075   0.000135   0.000023   0.000005  
21.2       0.000000   0.001055   0.000131   0.000022   0.000005  
21.3       0.000000   0.001036   0.000128   0.000021   0.000004  
21.4       0.000000   0.001017   0.000124   0.000020   0.000004  
21.5       0.000000   0.000999   0.000121   0.000020   0.000004  
21.6       0.000000   0.000981   0.000118   0.000019   0.000004  
21.7       0.000000   0.000964   0.000115   0.000018   0.000004  
21.8       0.000000   0.000947   0.000112   0.000018   0.000004  
21.9       0.000000   0.000930   0.000109   0.000017   0.000003  
22.0       0.000000   0.000914   0.000106   0.000017   0.000003  
22.1       0.000000   0.000898   0.000103   0.000016   0.000003  
22.2       0.000000   0.000882   0.000101   0.000016   0.000003  
22.3       0.000000   0.000867   0.000098   0.000015   0.000003  
22.4       0.000000   0.000852   0.000096   0.000015   0.000003  
22.5       0.000000   0.000838   0.000093   0.000014   0.000003  
22.6       0.000000   0.000823   0.000091   0.000014   0.000003  
22.7       0.000000   0.000809   0.000089   0.000013   0.000002  
22.8       0.000000   0.000796   0.000086   0.000013   0.000002  
22.9       0.000000   0.000782   0.000084   0.000012   0.000002  
23.0       0.000000   0.000769   0.000082   0.000012   0.000002  
23.1       0.000000   0.000756   0.000080   0.000012   0.000002  
23.2       0.000000   0.000744   0.000078   0.000011   0.000002  
23.3       0.000000   0.000731   0.000076   0.000011   0.000002  
23.4       0.000000   0.000719   0.000074   0.000010   0.000002  
23.5       0.000000   0.000707   0.000073   0.000010   0.000002  
23.6       0.000000   0.000696   0.000071   0.000010   0.000002  
23.7       0.000000   0.000684   0.000069   0.000010   0.000002  
23.8       0.000000   0.000673   0.000068   0.000009   0.000002  
23.9       0.000000   0.000662   0.000066   0.000009   0.000002  
24.0       0.000000   0.000652   0.000064   0.000009   0.000001  
24.1       0.000000   0.000641   0.000063   0.000008   0.000001  
24.2       0.000000   0.000631   0.000061   0.000008   0.000001  
24.3       0.000000   0.000621   0.000060   0.000008   0.000001  
24.4       0.000000   0.000611   0.000059   0.000008   0.000001  
24.5       0.000000   0.000601   0.000057   0.000007   0.000001  
24.6       0.000000   0.000592   0.000056   0.000007   0.000001  
24.7       0.000000   0.000583   0.000055   0.000007   0.000001  
24.8       0.000000   0.000573   0.000053   0.000007   0.000001  
24.9       0.000000   0.000564   0.000052   0.000007   0.000001  
