# Properties of 50 mock galaxies.
# The sky valued is assumed to be: 10000.00
# Truncation at 5.00 * radial parameter
# 
# 0: ID.
# 1: 0: Sersic, 1: Moffat, 2: Gaussian.
# 2: X position (FITS definition).
# 3: Y position (FITS definition).
# 4: Sersic n or Moffat beta.
# 5: Sersic re or Moffat FWHM.
# 6: Position angle, degrees.
# 7: Axis ratio.
# 8: Signal to noise: (average profile flux-sky)/sqrt(sky).
# 9: Total flux (Sky subtracted).

1     3     20.2510    184.5831   3.3     14      192   0.21    400.0000   40000.0000 
2     3     20.0566    109.5261   2.2     28      52    0.65    150.0000   15000.0000 
3     3     183.0421   150.8425   4.6     7       44    0.81    1000.0000  100000.0000
4     3     9.7957     -11.8483   1       3       326   0.76    300.0000   0.0000     
5     3     81.6153    105.7395   7.4     14      222   0.84    110.0000   11000.0000 
6     0     0.0814     213.4598   4.6     28      247   0.39    0.0149     139089.5409
7     0     122.3969   164.6140   2.3     24      190   0.25    0.0046     21146.4637 
8     0     23.3695    -1.8703    4.7     21      82    0.73    0.0177     179938.7815
9     0     140.8226   12.5152    7.7     22      178   0.51    0.0115     91796.7876 
10    0     142.5234   172.4953   4.3     22      274   0.29    0.0184     81225.9301 
11    0     129.5076   29.1819    7.9     15      209   0.25    0.0073     13250.2034 
12    0     -6.9145    72.8266    2       3.4     227   0.76    0.0144     4097.0704  
13    0     96.3672    35.0356    1.6     24      323   0.92    0.0124     201005.0181
14    0     47.4102    198.3311   4.5     25      278   0.96    0.0151     289796.8910
15    0     14.7363    123.8867   1.8     30      208   0.76    0.0060     127517.5346
16    0     219.3488   131.8809   5.8     1.6     140   0.52    0.0186     0.0000     
17    0     10.0983    173.4142   7.9     10      149   0.53    0.0111     18758.6603 
18    0     181.8122   96.1420    7.5     1.1     255   0.44    0.0088     146.8640   
19    0     27.9826    146.6741   3.7     28      58    0.31    0.0123     93420.0345 
20    0     209.0860   199.0515   1.6     6.5     38    0.72    0.0106     9934.8653  
21    0     10.6871    -8.2858    5.8     14      318   0.5     0.0183     52207.6822 
22    0     27.0221    -13.6224   5.4     16      326   0.68    0.0161     90026.9116 
23    0     76.5627    19.5019    5.8     8.4     55    0.81    0.0151     26772.4411 
24    0     186.8937   172.1560   0.62    28      58    0.68    0.0033     53787.5499 
25    0     118.4982   64.2523    1.7     15      7     0.9     0.0109     68856.5941 
26    0     192.2962   13.0976    6.1     8.5     135   0.93    0.0149     31861.7730 
27    0     43.0450    143.8089   6       15      277   0.47    0.0132     44751.8066 
28    0     60.4920    154.7661   2.8     17      306   0.45    0.0024     9209.1306  
29    0     142.9785   69.1502    4.7     23      147   0.74    0.0131     167066.0001
30    0     154.2013   160.9155   1.1     30      218   0.55    0.0181     279774.6527
31    0     28.9243    155.9946   7.2     5.4     50    0.38    0.0065     2252.7579  
32    0     -6.8360    111.7775   5.7     2.7     89    0.76    0.0042     729.4604   
33    0     86.7307    126.5747   7.5     27      360   0.84    0.0100     193632.2818
34    0     10.3129    -13.3891   3.7     30      188   0.66    0.0155     283051.6578
35    0     101.7541   120.0612   7.9     14      94    0.37    0.0151     35477.1474 
36    0     -5.6275    192.4677   6.3     12      214   0.59    0.0070     19039.4782 
37    0     209.5868   214.8773   2.5     25      313   0.93    0.0188     353462.3479
38    0     46.9333    155.0026   3.5     24      9     0.35    0.0111     70127.2482 
39    0     162.1316   -14.4173   5.7     4.1     354   0.97    0.0077     3916.9724  
40    0     -10.4948   24.8931    1.9     25      174   0.38    0.0100     75196.5229 
41    0     72.9963    118.9500   3.9     26      188   0.92    0.0175     350132.5679
42    0     197.5314   198.4573   1.7     25      143   0.28    0.0087     47626.4860 
43    0     81.9558    25.1215    7.3     23      181   0.98    0.0019     31160.3784 
44    0     126.7780   180.8421   1.8     12      243   0.37    0.0043     7257.9155  
45    0     191.6669   72.7123    5.7     5.9     74    0.9     0.0062     6156.9367  
46    0     23.0627    192.1678   1.2     3.2     89    0.33    0.0194     2009.4896  
47    0     9.4672     1.9467     5.1     24      42    0.5     0.0105     94623.5062 
48    0     46.3108    211.1739   7       17      262   0.61    0.0079     42564.5940 
49    0     40.0563    133.7841   3.2     26      46    0.53    0.0167     193008.8455
50    0     198.8626   30.7562    7.1     21      328   0.26    0.0114     41173.2531 
