r           d           f
0.00       70.5343    -0.46013564
2.26       0.1369     -1.38994446
4.37       0.1200     -1.91133527
4.37       0.1200     -1.91133527
2.26       0.1369     -1.38994446
3.11       0.2026     -1.59455124
3.11       0.2026     -1.59455124
1.56       0.1310     -1.14018164
1.56       0.1310     -1.14018164
4.51       0.0606     -1.96567361
3.11       0.0958     -1.64849588
6.23       0.0682     -2.24636521
5.21       0.0779     -2.08172874
2.31       0.0718     -1.50001588
8.75       0.0403     -2.58498529
6.23       0.0682     -2.24636521
7.43       0.0529     -2.41952143
5.78       0.0719     -2.17703321
8.75       0.0403     -2.58498529
3.11       0.0958     -1.64849588
7.43       0.0529     -2.41952143
5.78       0.0719     -2.17703321
4.51       0.0606     -1.96567361
5.21       0.0779     -2.08172874
2.31       0.0718     -1.50001588
6.77       0.0342     -2.33905099
3.22       0.0497     -1.74094899
8.28       0.0410     -2.53015606
7.40       0.0417     -2.42052066
4.29       0.0123     -1.94501539
7.25       0.0473     -2.39808437
4.67       0.0563     -1.99632920
10.52      0.0308     -2.77805187
9.34       0.0363     -2.65262928
13.12      0.0215     -3.01984764
10.52      0.0308     -2.77805187
11.79      0.0257     -2.90123970
10.13      0.0311     -2.73867119
8.28       0.0410     -2.53015606
9.34       0.0363     -2.65262928
13.12      0.0215     -3.01984764
7.25       0.0473     -2.39808437
11.79      0.0257     -2.90123970
10.13      0.0311     -2.73867119
3.22       0.0497     -1.74094899
4.67       0.0563     -1.99632920
6.77       0.0342     -2.33905099
7.40       0.0417     -2.42052066
4.29       0.0123     -1.94501539
9.02       0.0225     -2.62383423
4.61       0.0217     -2.02114095
10.42      0.0271     -2.76940318
9.62       0.0264     -2.68731324
6.45       0.0180     -2.30216425
6.22       0.0373     -2.25971660
4.51       0.0093     -1.99580083
12.45      0.0233     -2.96145602
11.38      0.0257     -2.86270116
11.56      0.0245     -2.88056124
8.75       0.0336     -2.58768131
14.86      0.0180     -3.16131135
13.62      0.0206     -3.06178798
17.50      0.0138     -3.35312706
14.86      0.0180     -3.16131135
16.16      0.0157     -3.25866296
14.50      0.0180     -3.13301480
12.45      0.0233     -2.96145602
13.62      0.0206     -3.06178798
10.42      0.0271     -2.76940318
11.38      0.0257     -2.86270116
17.50      0.0138     -3.35312706
11.56      0.0245     -2.88056124
16.16      0.0157     -3.25866296
14.50      0.0180     -3.13301480
6.22       0.0373     -2.25971660
8.75       0.0336     -2.58768131
4.61       0.0217     -2.02114095
4.51       0.0093     -1.99580083
9.02       0.0225     -2.62383423
9.62       0.0264     -2.68731324
6.45       0.0180     -2.30216425
11.28      0.0161     -2.85773397
6.51       0.0002     -2.31765426
12.60      0.0193     -2.97590644
11.85      0.0185     -2.91016348
8.66       0.0152     -2.58653608
5.92       0.0054     -2.22864968
5.39       0.0235     -2.15631624
14.48      0.0179     -3.13141874
13.48      0.0190     -3.05083382
10.26      0.0252     -2.75429901
7.78       0.0269     -2.47498073
16.73      0.0150     -3.29949171
15.57      0.0165     -3.21495065
15.91      0.0153     -3.24060457
13.02      0.0197     -3.01176518
19.22      0.0121     -3.46680630
17.95      0.0135     -3.38372771
21.87      0.0097     -3.62760416
19.22      0.0121     -3.46680630
20.53      0.0108     -3.54820030
18.87      0.0121     -3.44438022
16.73      0.0150     -3.29949171
17.95      0.0135     -3.38372771
14.48      0.0179     -3.13141874
15.57      0.0165     -3.21495065
12.60      0.0193     -2.97590644
13.48      0.0190     -3.05083382
21.87      0.0097     -3.62760416
15.91      0.0153     -3.24060457
20.53      0.0108     -3.54820030
18.87      0.0121     -3.44438022
10.26      0.0252     -2.75429901
13.02      0.0197     -3.01176518
5.92       0.0054     -2.22864968
7.78       0.0269     -2.47498073
6.51       0.0002     -2.31765426
5.39       0.0235     -2.15631624
11.28      0.0161     -2.85773397
11.85      0.0185     -2.91016348
8.66       0.0152     -2.58653608
13.53      0.0123     -3.05805581
8.58       0.0063     -2.58048401
14.80      0.0145     -3.15795737
14.10      0.0138     -3.10298177
10.89      0.0122     -2.82273782
6.45       0.0141     -2.31518961
6.92       0.0103     -2.37964657
16.56      0.0141     -3.28815052
15.63      0.0146     -3.22044382
9.33       0.0205     -2.65881651
7.39       0.0094     -2.43373845
18.68      0.0124     -3.43202654
17.58      0.0133     -3.35917465
14.50      0.0162     -3.13358040
11.79      0.0197     -2.90340801
21.04      0.0105     -3.57905728
19.84      0.0115     -3.50559006
20.27      0.0106     -3.53233020
17.34      0.0131     -3.34281411
23.58      0.0088     -3.72361348
22.30      0.0096     -3.65186062
26.25      0.0074     -3.86304958
23.58      0.0088     -3.72361348
24.90      0.0080     -3.79406228
23.24      0.0088     -3.70486056
21.04      0.0105     -3.57905728
22.30      0.0096     -3.65186062
18.68      0.0124     -3.43202654
19.84      0.0115     -3.50559006
16.56      0.0141     -3.28815052
17.58      0.0133     -3.35917465
14.80      0.0145     -3.15795737
15.63      0.0146     -3.22044382
26.25      0.0074     -3.86304958
20.27      0.0106     -3.53233020
24.90      0.0080     -3.79406228
23.24      0.0088     -3.70486056
14.50      0.0162     -3.13358040
17.34      0.0131     -3.34281411
9.33       0.0205     -2.65881651
11.79      0.0197     -2.90340801
6.45       0.0141     -2.31518961
7.39       0.0094     -2.43373845
8.58       0.0063     -2.58048401
6.92       0.0103     -2.37964657
13.53      0.0123     -3.05805581
14.10      0.0138     -3.10298177
10.89      0.0122     -2.82273782
15.79      0.0098     -3.23431603
10.72      0.0073     -2.80832766
17.02      0.0114     -3.32115978
16.34      0.0108     -3.27379470
13.13      0.0099     -3.02567835
7.63       0.0124     -2.47408983
8.77       0.0014     -2.60602866
18.69      0.0114     -3.43296288
17.80      0.0115     -3.37473694
8.89       0.0100     -2.61465040
7.68       0.0060     -2.47717173
20.69      0.0104     -3.55812892
19.65      0.0110     -3.49447189
13.32      0.0159     -3.03871192
10.89      0.0163     -2.82028560
22.95      0.0092     -3.68845582
21.79      0.0098     -3.62302556
18.80      0.0113     -3.43998015
15.99      0.0136     -3.24721057
25.38      0.0079     -3.81891380
24.14      0.0085     -3.75388432
24.63      0.0079     -3.77990943
21.69      0.0094     -3.61701669
27.95      0.0068     -3.94670593
26.65      0.0073     -3.88325575
30.62      0.0058     -4.07041908
27.95      0.0068     -3.94670593
29.27      0.0063     -4.00912427
27.61      0.0067     -3.93048643
25.38      0.0079     -3.81891380
26.65      0.0073     -3.88325575
22.95      0.0092     -3.68845582
24.14      0.0085     -3.75388432
20.69      0.0104     -3.55812892
21.79      0.0098     -3.62302556
18.69      0.0114     -3.43296288
19.65      0.0110     -3.49447189
17.02      0.0114     -3.32115978
17.80      0.0115     -3.37473694
30.62      0.0058     -4.07041908
24.63      0.0079     -3.77990943
29.27      0.0063     -4.00912427
27.61      0.0067     -3.93048643
18.80      0.0113     -3.43998015
21.69      0.0094     -3.61701669
13.32      0.0159     -3.03871192
15.99      0.0136     -3.24721057
8.89       0.0100     -2.61465040
10.89      0.0163     -2.82028560
7.63       0.0124     -2.47408983
7.68       0.0060     -2.47717173
10.72      0.0073     -2.80832766
8.77       0.0014     -2.60602866
15.79      0.0098     -3.23431603
16.34      0.0108     -3.27379470
13.13      0.0099     -3.02567835
18.04      0.0080     -3.39236475
12.91      0.0070     -3.00789759
19.24      0.0092     -3.46940207
18.59      0.0087     -3.42769664
15.38      0.0082     -3.20435910
9.23       0.0060     -2.65888808
10.78      0.0024     -2.81576728
20.84      0.0094     -3.56732985
20.00      0.0094     -3.51631709
9.01       0.0011     -2.63292698
8.57       0.0100     -2.58674763
22.75      0.0088     -3.67776211
21.76      0.0092     -3.62143520
12.44      0.0134     -2.96490289
10.41      0.0095     -2.77600906
24.91      0.0080     -3.79429296
23.80      0.0084     -3.73558022
17.49      0.0116     -3.35369779
14.86      0.0131     -3.16283061
27.25      0.0071     -3.91259628
26.06      0.0075     -3.85342319
23.12      0.0084     -3.69855184
20.26      0.0099     -3.53248387
29.73      0.0062     -4.02998299
28.47      0.0066     -3.97152283
29.00      0.0062     -3.99633229
26.04      0.0072     -3.85275331
32.32      0.0054     -4.14489171
31.01      0.0058     -4.08781258
34.99      0.0047     -4.25648511
32.32      0.0054     -4.14489171
33.65      0.0050     -4.20113523
31.99      0.0054     -4.13053502
29.73      0.0062     -4.02998299
31.01      0.0058     -4.08781258
27.25      0.0071     -3.91259628
28.47      0.0066     -3.97152283
24.91      0.0080     -3.79429296
26.06      0.0075     -3.85342319
22.75      0.0088     -3.67776211
23.80      0.0084     -3.73558022
20.84      0.0094     -3.56732985
21.76      0.0092     -3.62143520
19.24      0.0092     -3.46940207
20.00      0.0094     -3.51631709
34.99      0.0047     -4.25648511
29.00      0.0062     -3.99633229
33.65      0.0050     -4.20113523
31.99      0.0054     -4.13053502
23.12      0.0084     -3.69855184
26.04      0.0072     -3.85275331
17.49      0.0116     -3.35369779
20.26      0.0099     -3.53248387
12.44      0.0134     -2.96490289
14.86      0.0131     -3.16283061
9.01       0.0011     -2.63292698
10.41      0.0095     -2.77600906
9.23       0.0060     -2.65888808
8.57       0.0100     -2.58674763
12.91      0.0070     -3.00789759
10.78      0.0024     -2.81576728
18.04      0.0080     -3.39236475
18.59      0.0087     -3.42769664
15.38      0.0082     -3.20435910
20.30      0.0067     -3.53608099
15.11      0.0063     -3.18532014
21.47      0.0076     -3.60547464
20.84      0.0073     -3.56814229
17.62      0.0069     -3.36453831
11.05      0.0015     -2.84406731
12.87      0.0038     -3.00589071
23.01      0.0078     -3.69260487
22.20      0.0078     -3.64723486
9.67       0.0066     -2.70706847
9.91       0.0074     -2.73224974
24.84      0.0076     -3.79122369
23.89      0.0078     -3.74082679
11.93      0.0086     -2.92165303
10.41      0.0016     -2.77923576
26.91      0.0070     -3.89628261
25.85      0.0073     -3.84320827
16.40      0.0111     -3.27768645
14.00      0.0112     -3.09629943
29.17      0.0063     -4.00411986
28.02      0.0067     -3.95003271
21.74      0.0087     -3.62070548
19.00      0.0100     -3.45392344
31.57      0.0056     -4.11226768
30.35      0.0060     -4.05827073
27.46      0.0065     -3.92343440
24.57      0.0075     -3.77708448
34.08      0.0050     -4.21915355
32.81      0.0053     -4.16593954
33.37      0.0050     -4.18944352
30.40      0.0057     -4.06058029
36.69      0.0044     -4.32382792
35.38      0.0047     -4.27180835
39.37      0.0039     -4.42575590
36.69      0.0044     -4.32382792
38.02      0.0042     -4.37515682
36.36      0.0044     -4.31090439
34.08      0.0050     -4.21915355
35.38      0.0047     -4.27180835
31.57      0.0056     -4.11226768
32.81      0.0053     -4.16593954
29.17      0.0063     -4.00411986
30.35      0.0060     -4.05827073
26.91      0.0070     -3.89628261
28.02      0.0067     -3.95003271
24.84      0.0076     -3.79122369
25.85      0.0073     -3.84320827
23.01      0.0078     -3.69260487
23.89      0.0078     -3.74082679
21.47      0.0076     -3.60547464
22.20      0.0078     -3.64723486
39.37      0.0039     -4.42575590
33.37      0.0050     -4.18944352
38.02      0.0042     -4.37515682
36.36      0.0044     -4.31090439
27.46      0.0065     -3.92343440
30.40      0.0057     -4.06058029
21.74      0.0087     -3.62070548
24.57      0.0075     -3.77708448
16.40      0.0111     -3.27768645
19.00      0.0100     -3.45392344
11.93      0.0086     -2.92165303
14.00      0.0112     -3.09629943
9.67       0.0066     -2.70706847
10.41      0.0016     -2.77923576
11.05      0.0015     -2.84406731
9.91       0.0074     -2.73224974
15.11      0.0063     -3.18532014
12.87      0.0038     -3.00589071
20.30      0.0067     -3.53608099
20.84      0.0073     -3.56814229
17.62      0.0069     -3.36453831
22.56      0.0057     -3.66818197
17.33      0.0056     -3.34521012
23.71      0.0065     -3.73144308
23.09      0.0061     -3.69759211
19.87      0.0059     -3.51010862
13.01      0.0009     -3.01970196
15.00      0.0042     -3.17814619
25.20      0.0067     -3.80995475
24.41      0.0066     -3.76910373
10.77      0.0068     -2.81909974
11.53      0.0039     -2.89038246
26.96      0.0065     -3.89894242
26.05      0.0066     -3.85341222
11.84      0.0030     -2.91561775
10.88      0.0037     -2.82849219
28.96      0.0062     -3.99438137
27.93      0.0064     -3.94607023
15.55      0.0096     -3.21700568
13.47      0.0078     -3.05452050
31.13      0.0057     -4.09318884
30.02      0.0059     -4.04352079
20.52      0.0087     -3.54862813
17.94      0.0095     -3.38473312
33.46      0.0051     -4.19315491
32.28      0.0054     -4.14313552
26.04      0.0068     -3.85277927
23.23      0.0077     -3.70500406
35.90      0.0046     -4.29277163
34.67      0.0049     -4.24307885
31.82      0.0053     -4.12324664
28.90      0.0060     -3.99201875
38.44      0.0042     -4.39105287
37.16      0.0044     -4.34212486
37.74      0.0041     -4.36437225
34.76      0.0047     -4.24713585
41.06      0.0037     -4.48738233
39.74      0.0039     -4.43948902
43.74      0.0033     -4.58139844
41.06      0.0037     -4.48738233
42.39      0.0035     -4.53469469
40.73      0.0037     -4.47559927
38.44      0.0042     -4.39105287
39.74      0.0039     -4.43948902
35.90      0.0046     -4.29277163
37.16      0.0044     -4.34212486
33.46      0.0051     -4.19315491
34.67      0.0049     -4.24307885
31.13      0.0057     -4.09318884
32.28      0.0054     -4.14313552
28.96      0.0062     -3.99438137
30.02      0.0059     -4.04352079
26.96      0.0065     -3.89894242
27.93      0.0064     -3.94607023
25.20      0.0067     -3.80995475
26.05      0.0066     -3.85341222
23.71      0.0065     -3.73144308
24.41      0.0066     -3.76910373
43.74      0.0033     -4.58139844
37.74      0.0041     -4.36437225
42.39      0.0035     -4.53469469
40.73      0.0037     -4.47559927
31.82      0.0053     -4.12324664
34.76      0.0047     -4.24713585
26.04      0.0068     -3.85277927
28.90      0.0060     -3.99201875
20.52      0.0087     -3.54862813
23.23      0.0077     -3.70500406
15.55      0.0096     -3.21700568
17.94      0.0095     -3.38473312
11.84      0.0030     -2.91561775
13.47      0.0078     -3.05452050
10.77      0.0068     -2.81909974
10.88      0.0037     -2.82849219
13.01      0.0009     -3.01970196
11.53      0.0039     -2.89038246
17.33      0.0056     -3.34521012
15.00      0.0042     -3.17814619
22.56      0.0057     -3.66818197
23.09      0.0061     -3.69759211
19.87      0.0059     -3.51010862
24.81      0.0049     -3.79065230
19.56      0.0050     -3.49095633
25.95      0.0055     -3.84887837
25.34      0.0053     -3.81786586
22.12      0.0051     -3.64382424
15.06      0.0021     -3.18317605
17.17      0.0041     -3.33511992
27.39      0.0058     -3.92036396
26.64      0.0057     -3.88320440
12.19      0.0049     -2.95087958
13.34      0.0013     -3.04825474
29.10      0.0057     -4.00138021
28.22      0.0058     -3.95989812
12.17      0.0015     -2.94741574
11.78      0.0054     -2.91360387
31.03      0.0055     -4.08868004
30.04      0.0056     -4.04442271
15.00      0.0070     -3.17683739
13.30      0.0037     -3.04264818
33.13      0.0051     -4.17966761
32.06      0.0053     -4.13384916
19.48      0.0083     -3.48509762
17.11      0.0083     -3.32886294
35.39      0.0047     -4.27238937
34.25      0.0049     -4.22591105
24.73      0.0069     -3.78570917
22.04      0.0077     -3.63843467
37.77      0.0043     -4.36543943
36.56      0.0045     -4.31894304
30.35      0.0055     -4.05858618
27.51      0.0061     -3.92580408
40.24      0.0039     -4.45784248
38.99      0.0041     -4.41176910
36.17      0.0043     -4.30361763
33.24      0.0049     -4.18436315
42.80      0.0035     -4.54894494
41.51      0.0037     -4.50358716
42.11      0.0035     -4.52467121
39.13      0.0039     -4.41688035
45.43      0.0032     -4.63832618
44.11      0.0033     -4.59386992
48.12      0.0029     -4.72573043
45.43      0.0032     -4.63832618
46.77      0.0030     -4.68228642
45.11      0.0032     -4.62747457
42.80      0.0035     -4.54894494
44.11      0.0033     -4.59386992
40.24      0.0039     -4.45784248
41.51      0.0037     -4.50358716
37.77      0.0043     -4.36543943
38.99      0.0041     -4.41176910
35.39      0.0047     -4.27238937
36.56      0.0045     -4.31894304
33.13      0.0051     -4.17966761
34.25      0.0049     -4.22591105
31.03      0.0055     -4.08868004
32.06      0.0053     -4.13384916
29.10      0.0057     -4.00138021
30.04      0.0056     -4.04442271
27.39      0.0058     -3.92036396
28.22      0.0058     -3.95989812
25.95      0.0055     -3.84887837
26.64      0.0057     -3.88320440
48.12      0.0029     -4.72573043
42.11      0.0035     -4.52467121
46.77      0.0030     -4.68228642
45.11      0.0032     -4.62747457
36.17      0.0043     -4.30361763
39.13      0.0039     -4.41688035
30.35      0.0055     -4.05858618
33.24      0.0049     -4.18436315
24.73      0.0069     -3.78570917
27.51      0.0061     -3.92580408
19.48      0.0083     -3.48509762
22.04      0.0077     -3.63843467
15.00      0.0070     -3.17683739
17.11      0.0083     -3.32886294
12.17      0.0015     -2.94741574
13.30      0.0037     -3.04264818
12.19      0.0049     -2.95087958
11.78      0.0054     -2.91360387
15.06      0.0021     -3.18317605
13.34      0.0013     -3.04825474
19.56      0.0050     -3.49095633
17.17      0.0041     -3.33511992
24.81      0.0049     -3.79065230
25.34      0.0053     -3.81786586
22.12      0.0051     -3.64382424
27.07      0.0043     -3.90498965
21.79      0.0044     -3.62507327
28.19      0.0048     -3.95900330
27.59      0.0046     -3.93035071
24.37      0.0045     -3.76770769
17.16      0.0026     -3.33465913
19.36      0.0039     -3.47920248
29.60      0.0050     -4.02465829
28.86      0.0050     -3.99056576
13.84      0.0027     -3.08962241
15.27      0.0003     -3.20008616
31.26      0.0050     -4.09898732
30.40      0.0051     -4.06091402
12.89      0.0038     -3.01150317
13.01      0.0048     -3.02160399
33.12      0.0049     -4.17933988
32.17      0.0050     -4.13855911
14.78      0.0039     -3.16122736
13.52      0.0001     -3.06208434
35.17      0.0046     -4.26352341
34.13      0.0047     -4.22107084
18.66      0.0073     -3.43325683
16.54      0.0063     -3.29030704
37.36      0.0043     -4.34982183
36.25      0.0044     -4.30649798
23.57      0.0068     -3.72386927
21.03      0.0073     -3.57967229
39.67      0.0039     -4.43694645
38.50      0.0041     -4.39334673
28.99      0.0056     -3.99632324
26.24      0.0062     -3.86311912
42.09      0.0036     -4.52396078
40.87      0.0038     -4.48051433
34.68      0.0045     -4.24397159
31.81      0.0050     -4.12322343
44.59      0.0033     -4.61020385
43.33      0.0035     -4.56721122
40.53      0.0037     -4.46842956
37.59      0.0041     -4.35890480
47.17      0.0030     -4.69522280
45.87      0.0032     -4.65288808
46.48      0.0030     -4.67291106
43.50      0.0033     -4.57296426
49.80      0.0028     -4.77871866
48.48      0.0029     -4.73717501
49.80      0.0028     -4.77871866
49.48      0.0028     -4.76864387
47.17      0.0030     -4.69522280
48.48      0.0029     -4.73717501
44.59      0.0033     -4.61020385
45.87      0.0032     -4.65288808
42.09      0.0036     -4.52396078
43.33      0.0035     -4.56721122
39.67      0.0039     -4.43694645
40.87      0.0038     -4.48051433
37.36      0.0043     -4.34982183
38.50      0.0041     -4.39334673
35.17      0.0046     -4.26352341
36.25      0.0044     -4.30649798
33.12      0.0049     -4.17933988
34.13      0.0047     -4.22107084
31.26      0.0050     -4.09898732
32.17      0.0050     -4.13855911
29.60      0.0050     -4.02465829
30.40      0.0051     -4.06091402
28.19      0.0048     -3.95900330
28.86      0.0050     -3.99056576
46.48      0.0030     -4.67291106
49.48      0.0028     -4.76864387
40.53      0.0037     -4.46842956
43.50      0.0033     -4.57296426
34.68      0.0045     -4.24397159
37.59      0.0041     -4.35890480
28.99      0.0056     -3.99632324
31.81      0.0050     -4.12322343
23.57      0.0068     -3.72386927
26.24      0.0062     -3.86311912
18.66      0.0073     -3.43325683
21.03      0.0073     -3.57967229
14.78      0.0039     -3.16122736
16.54      0.0063     -3.29030704
12.89      0.0038     -3.01150317
13.52      0.0001     -3.06208434
13.84      0.0027     -3.08962241
13.01      0.0048     -3.02160399
17.16      0.0026     -3.33465913
15.27      0.0003     -3.20008616
21.79      0.0044     -3.62507327
19.36      0.0039     -3.47920248
27.07      0.0043     -3.90498965
27.59      0.0046     -3.93035071
24.37      0.0045     -3.76770769
29.32      0.0038     -4.01235486
24.02      0.0040     -3.74946275
30.43      0.0042     -4.06278883
29.84      0.0041     -4.03613036
26.62      0.0040     -3.88328976
19.29      0.0028     -3.47521434
21.56      0.0036     -3.61238594
31.81      0.0044     -4.12353136
31.09      0.0044     -4.09202443
15.64      0.0011     -3.22795862
17.28      0.0012     -3.34381867
33.43      0.0045     -4.19218263
32.59      0.0045     -4.15701196
13.95      0.0042     -3.09905261
14.49      0.0034     -3.14142718
35.24      0.0044     -4.26655494
34.31      0.0044     -4.22877830
14.90      0.0009     -3.17179390
14.09      0.0024     -3.10995313
37.23      0.0042     -4.34478770
36.21      0.0043     -4.30529101
18.09      0.0057     -3.39625304
16.28      0.0039     -3.27228811
39.36      0.0039     -4.42537728
38.28      0.0040     -4.38486834
22.58      0.0064     -3.66917661
20.22      0.0064     -3.53125885
41.61      0.0036     -4.50715413
40.47      0.0038     -4.46617852
27.75      0.0056     -3.93750192
25.10      0.0061     -3.80537896
43.97      0.0034     -4.58923598
42.78      0.0035     -4.54820233
33.28      0.0046     -4.18601967
30.48      0.0051     -4.06449370
46.42      0.0031     -4.67097390
45.19      0.0032     -4.63018077
39.02      0.0038     -4.41302051
36.13      0.0042     -4.30212015
48.95      0.0029     -4.75190239
47.68      0.0030     -4.71156250
44.90      0.0031     -4.62047746
41.95      0.0034     -4.51902810
47.87      0.0029     -4.71770148
48.95      0.0029     -4.75190239
46.42      0.0031     -4.67097390
47.68      0.0030     -4.71156250
43.97      0.0034     -4.58923598
45.19      0.0032     -4.63018077
41.61      0.0036     -4.50715413
42.78      0.0035     -4.54820233
39.36      0.0039     -4.42537728
40.47      0.0038     -4.46617852
37.23      0.0042     -4.34478770
38.28      0.0040     -4.38486834
35.24      0.0044     -4.26655494
36.21      0.0043     -4.30529101
33.43      0.0045     -4.19218263
34.31      0.0044     -4.22877830
31.81      0.0044     -4.12353136
32.59      0.0045     -4.15701196
30.43      0.0042     -4.06278883
31.09      0.0044     -4.09202443
44.90      0.0031     -4.62047746
47.87      0.0029     -4.71770148
39.02      0.0038     -4.41302051
41.95      0.0034     -4.51902810
33.28      0.0046     -4.18601967
36.13      0.0042     -4.30212015
27.75      0.0056     -3.93750192
30.48      0.0051     -4.06449370
22.58      0.0064     -3.66917661
25.10      0.0061     -3.80537896
18.09      0.0057     -3.39625304
20.22      0.0064     -3.53125885
14.90      0.0009     -3.17179390
16.28      0.0039     -3.27228811
13.95      0.0042     -3.09905261
14.09      0.0024     -3.10995313
15.64      0.0011     -3.22795862
14.49      0.0034     -3.14142718
19.29      0.0028     -3.47521434
17.28      0.0012     -3.34381867
24.02      0.0040     -3.74946275
21.56      0.0036     -3.61238594
29.32      0.0038     -4.01235486
29.84      0.0041     -4.03613036
26.62      0.0040     -3.88328976
31.58      0.0034     -4.11366749
26.26      0.0036     -3.86559264
32.68      0.0038     -4.16101911
32.10      0.0036     -4.13606892
28.87      0.0036     -3.99175866
21.45      0.0028     -3.60608479
23.77      0.0034     -3.73628329
34.03      0.0040     -4.21756859
33.33      0.0039     -4.18826897
17.54      0.0000     -3.36219407
19.34      0.0017     -3.47910826
35.61      0.0040     -4.28134715
34.79      0.0040     -4.24867305
15.27      0.0035     -3.20121933
16.15      0.0020     -3.26544337
37.37      0.0039     -4.35053043
36.47      0.0040     -4.31536859
15.36      0.0013     -3.20717987
14.99      0.0034     -3.18041826
39.31      0.0038     -4.42353120
38.32      0.0039     -4.38664237
17.78      0.0039     -3.37669044
16.32      0.0015     -3.27640140
41.38      0.0036     -4.49903182
40.33      0.0037     -4.46104085
21.77      0.0058     -3.62371650
19.63      0.0052     -3.49572109
43.59      0.0034     -4.57597729
42.47      0.0035     -4.53738035
26.64      0.0055     -3.88334604
24.13      0.0058     -3.75419928
45.89      0.0031     -4.65354637
44.73      0.0033     -4.61472707
31.98      0.0047     -4.13046306
29.26      0.0051     -4.00909768
48.29      0.0029     -4.73111461
47.08      0.0030     -4.69236296
37.59      0.0039     -4.35886051
34.76      0.0043     -4.24706383
49.52      0.0028     -4.76974789
43.37      0.0032     -4.56868918
40.46      0.0036     -4.46599293
49.26      0.0027     -4.76184390
46.31      0.0030     -4.66721476
48.29      0.0029     -4.73111461
49.52      0.0028     -4.76974789
45.89      0.0031     -4.65354637
47.08      0.0030     -4.69236296
43.59      0.0034     -4.57597729
44.73      0.0033     -4.61472707
41.38      0.0036     -4.49903182
42.47      0.0035     -4.53738035
39.31      0.0038     -4.42353120
40.33      0.0037     -4.46104085
37.37      0.0039     -4.35053043
38.32      0.0039     -4.38664237
35.61      0.0040     -4.28134715
36.47      0.0040     -4.31536859
34.03      0.0040     -4.21756859
34.79      0.0040     -4.24867305
32.68      0.0038     -4.16101911
33.33      0.0039     -4.18826897
49.26      0.0027     -4.76184390
43.37      0.0032     -4.56868918
46.31      0.0030     -4.66721476
37.59      0.0039     -4.35886051
40.46      0.0036     -4.46599293
31.98      0.0047     -4.13046306
34.76      0.0043     -4.24706383
26.64      0.0055     -3.88334604
29.26      0.0051     -4.00909768
21.77      0.0058     -3.62371650
24.13      0.0058     -3.75419928
17.78      0.0039     -3.37669044
19.63      0.0052     -3.49572109
15.36      0.0013     -3.20717987
16.32      0.0015     -3.27640140
15.27      0.0035     -3.20121933
14.99      0.0034     -3.18041826
17.54      0.0000     -3.36219407
16.15      0.0020     -3.26544337
21.45      0.0028     -3.60608479
19.34      0.0017     -3.47910826
26.26      0.0036     -3.86559264
23.77      0.0034     -3.73628329
31.58      0.0034     -4.11366749
32.10      0.0036     -4.13606892
28.87      0.0036     -3.99175866
33.83      0.0031     -4.20966955
28.51      0.0032     -3.97461758
34.93      0.0034     -4.25433705
34.35      0.0033     -4.23086749
31.13      0.0032     -4.09405629
23.62      0.0027     -3.72844567
25.99      0.0031     -3.85219504
36.26      0.0035     -4.30726676
35.56      0.0035     -4.27987247
19.52      0.0007     -3.49073830
21.45      0.0020     -3.60632950
37.80      0.0036     -4.36682328
37.00      0.0036     -4.33631609
16.78      0.0025     -3.31095953
17.94      0.0009     -3.38904544
39.52      0.0036     -4.43147067
38.64      0.0036     -4.39860039
16.12      0.0025     -3.26360368
16.16      0.0033     -3.26674617
41.41      0.0034     -4.49984710
40.44      0.0035     -4.46526996
17.76      0.0019     -3.37604681
16.67      0.0005     -3.30214772
43.43      0.0033     -4.57079644
42.40      0.0034     -4.53506418
21.18      0.0048     -3.58955022
19.30      0.0037     -3.47519145
45.58      0.0031     -4.64336993
44.49      0.0032     -4.60693176
25.68      0.0052     -3.83522892
23.33      0.0052     -3.71131250
47.84      0.0029     -4.71680915
46.70      0.0030     -4.68002193
30.78      0.0047     -4.07812118
28.17      0.0050     -3.95809936
49.00      0.0028     -4.75366246
36.24      0.0040     -4.30644246
33.48      0.0043     -4.19436891
41.91      0.0033     -4.51785353
39.06      0.0036     -4.41424593
47.72      0.0028     -4.71318389
44.80      0.0031     -4.61743005
47.84      0.0029     -4.71680915
49.00      0.0028     -4.75366246
45.58      0.0031     -4.64336993
46.70      0.0030     -4.68002193
43.43      0.0033     -4.57079644
44.49      0.0032     -4.60693176
41.41      0.0034     -4.49984710
42.40      0.0034     -4.53506418
39.52      0.0036     -4.43147067
40.44      0.0035     -4.46526996
37.80      0.0036     -4.36682328
38.64      0.0036     -4.39860039
36.26      0.0035     -4.30726676
37.00      0.0036     -4.33631609
34.93      0.0034     -4.25433705
35.56      0.0035     -4.27987247
47.72      0.0028     -4.71318389
41.91      0.0033     -4.51785353
44.80      0.0031     -4.61743005
36.24      0.0040     -4.30644246
39.06      0.0036     -4.41424593
30.78      0.0047     -4.07812118
33.48      0.0043     -4.19436891
25.68      0.0052     -3.83522892
28.17      0.0050     -3.95809936
21.18      0.0048     -3.58955022
23.33      0.0052     -3.71131250
17.76      0.0019     -3.37604681
19.30      0.0037     -3.47519145
16.12      0.0025     -3.26360368
16.67      0.0005     -3.30214772
16.78      0.0025     -3.31095953
16.16      0.0033     -3.26674617
19.52      0.0007     -3.49073830
17.94      0.0009     -3.38904544
23.62      0.0027     -3.72844567
21.45      0.0020     -3.60632950
28.51      0.0032     -3.97461758
25.99      0.0031     -3.85219504
33.83      0.0031     -4.20966955
34.35      0.0033     -4.23086749
31.13      0.0032     -4.09405629
36.09      0.0028     -4.30096926
30.75      0.0029     -4.07746140
37.18      0.0031     -4.34327658
36.60      0.0029     -4.32110341
33.38      0.0029     -4.19094281
25.81      0.0026     -3.84333211
28.22      0.0029     -3.96117526
38.48      0.0032     -4.39305040
37.80      0.0031     -4.36731671
21.56      0.0012     -3.61310308
23.58      0.0021     -3.72611720
39.99      0.0033     -4.44891711
39.21      0.0032     -4.42030615
18.45      0.0015     -3.42339455
19.82      0.0001     -3.50971456
41.68      0.0032     -4.50957218
40.81      0.0033     -4.47872303
17.14      0.0028     -3.33609323
17.54      0.0027     -3.36288202
43.52      0.0032     -4.57384047
42.58      0.0032     -4.54132208
18.02      0.0002     -3.39430228
17.31      0.0017     -3.34712184
45.50      0.0030     -4.64070532
44.49      0.0031     -4.60700540
20.81      0.0035     -3.56844541
19.22      0.0021     -3.47100103
47.60      0.0029     -4.70931443
46.54      0.0030     -4.67483884
24.88      0.0047     -3.79460598
22.73      0.0044     -3.67842360
49.81      0.0027     -4.77897130
48.70      0.0028     -4.74404981
29.71      0.0046     -4.02992388
27.23      0.0047     -3.91267550
34.98      0.0040     -4.25633886
32.30      0.0043     -4.14476468
40.53      0.0034     -4.46832991
37.73      0.0037     -4.36423902
46.24      0.0029     -4.66527049
43.37      0.0031     -4.56863574
49.15      0.0027     -4.75839566
49.81      0.0027     -4.77897130
47.60      0.0029     -4.70931443
48.70      0.0028     -4.74404981
45.50      0.0030     -4.64070532
46.54      0.0030     -4.67483884
43.52      0.0032     -4.57384047
44.49      0.0031     -4.60700540
41.68      0.0032     -4.50957218
42.58      0.0032     -4.54132208
39.99      0.0033     -4.44891711
40.81      0.0033     -4.47872303
38.48      0.0032     -4.39305040
39.21      0.0032     -4.42030615
37.18      0.0031     -4.34327658
37.80      0.0031     -4.36731671
46.24      0.0029     -4.66527049
49.15      0.0027     -4.75839566
40.53      0.0034     -4.46832991
43.37      0.0031     -4.56863574
34.98      0.0040     -4.25633886
37.73      0.0037     -4.36423902
29.71      0.0046     -4.02992388
32.30      0.0043     -4.14476468
24.88      0.0047     -3.79460598
27.23      0.0047     -3.91267550
20.81      0.0035     -3.56844541
22.73      0.0044     -3.67842360
18.02      0.0002     -3.39430228
19.22      0.0021     -3.47100103
17.14      0.0028     -3.33609323
17.31      0.0017     -3.34712184
18.45      0.0015     -3.42339455
17.54      0.0027     -3.36288202
21.56      0.0012     -3.61310308
19.82      0.0001     -3.50971456
25.81      0.0026     -3.84333211
23.58      0.0021     -3.72611720
30.75      0.0029     -4.07746140
28.22      0.0029     -3.96117526
36.09      0.0028     -4.30096926
36.60      0.0029     -4.32110341
33.38      0.0029     -4.19094281
38.34      0.0026     -4.38807192
33.00      0.0027     -4.17487500
39.42      0.0028     -4.42828624
38.86      0.0027     -4.40725819
35.63      0.0026     -4.28304110
28.01      0.0025     -3.95163181
30.45      0.0026     -4.06408533
40.71      0.0029     -4.47528453
40.04      0.0029     -4.45101063
23.63      0.0014     -3.72934358
25.73      0.0021     -3.83916359
42.19      0.0030     -4.52790152
41.43      0.0029     -4.50096231
20.24      0.0008     -3.53544729
21.78      0.0005     -3.62621422
43.84      0.0030     -4.58502032
43.00      0.0030     -4.55596461
18.39      0.0026     -3.41968040
19.08      0.0019     -3.46413437
45.65      0.0029     -4.64562125
44.73      0.0029     -4.61494462
18.56      0.0011     -3.42996284
18.21      0.0023     -3.40772409
47.59      0.0028     -4.70880757
46.60      0.0029     -4.67694217
20.69      0.0022     -3.56158531
19.40      0.0006     -3.48339134
49.64      0.0027     -4.77381392
48.60      0.0028     -4.74112600
24.28      0.0040     -3.76290454
22.34      0.0034     -3.65701394
28.78      0.0043     -3.98688687
26.44      0.0043     -3.87406090
33.83      0.0040     -4.20920065
31.25      0.0042     -4.09906774
39.22      0.0034     -4.42053299
36.49      0.0037     -4.31649077
44.83      0.0030     -4.61837404
42.00      0.0032     -4.52116541
47.69      0.0027     -4.71223231
49.64      0.0027     -4.77381392
47.59      0.0028     -4.70880757
48.60      0.0028     -4.74112600
45.65      0.0029     -4.64562125
46.60      0.0029     -4.67694217
43.84      0.0030     -4.58502032
44.73      0.0029     -4.61494462
42.19      0.0030     -4.52790152
43.00      0.0030     -4.55596461
40.71      0.0029     -4.47528453
41.43      0.0029     -4.50096231
39.42      0.0028     -4.42828624
40.04      0.0029     -4.45101063
44.83      0.0030     -4.61837404
47.69      0.0027     -4.71223231
39.22      0.0034     -4.42053299
42.00      0.0032     -4.52116541
33.83      0.0040     -4.20920065
36.49      0.0037     -4.31649077
28.78      0.0043     -3.98688687
31.25      0.0042     -4.09906774
24.28      0.0040     -3.76290454
26.44      0.0043     -3.87406090
20.69      0.0022     -3.56158531
22.34      0.0034     -3.65701394
18.56      0.0011     -3.42996284
19.40      0.0006     -3.48339134
18.39      0.0026     -3.41968040
18.21      0.0023     -3.40772409
20.24      0.0008     -3.53544729
19.08      0.0019     -3.46413437
23.63      0.0014     -3.72934358
21.78      0.0005     -3.62621422
28.01      0.0025     -3.95163181
25.73      0.0021     -3.83916359
33.00      0.0027     -4.17487500
30.45      0.0026     -4.06408533
38.34      0.0026     -4.38807192
38.86      0.0027     -4.40725819
35.63      0.0026     -4.28304110
40.60      0.0024     -4.47140229
35.24      0.0025     -4.26747672
41.67      0.0025     -4.50974676
41.11      0.0025     -4.48973807
37.89      0.0024     -4.37086858
30.22      0.0023     -4.05409879
32.68      0.0024     -4.16163618
42.95      0.0027     -4.55428508
42.29      0.0026     -4.53130422
25.73      0.0015     -3.83976372
27.90      0.0020     -3.94613372
44.40      0.0027     -4.60401991
43.65      0.0027     -4.57856449
22.11      0.0002     -3.64531593
23.79      0.0008     -3.73804577
46.02      0.0027     -4.65798804
45.19      0.0027     -4.63053248
19.81      0.0021     -3.51012943
20.76      0.0012     -3.56720625
47.79      0.0027     -4.71529974
46.89      0.0027     -4.68627794
19.34      0.0018     -3.48045777
19.33      0.0023     -3.48000226
49.69      0.0026     -4.77516166
48.72      0.0026     -4.74495739
20.81      0.0009     -3.56934697
19.85      0.0005     -3.51146858
23.87      0.0032     -3.74137869
22.17      0.0023     -3.64812956
28.00      0.0039     -3.95006705
25.83      0.0037     -3.84346323
32.79      0.0038     -4.16574839
30.33      0.0040     -4.05816065
38.01      0.0035     -4.37493326
35.36      0.0037     -4.27158396
43.49      0.0030     -4.57280399
40.72      0.0032     -4.47539973
49.15      0.0026     -4.75833848
46.30      0.0028     -4.66710322
49.69      0.0026     -4.77516166
47.79      0.0027     -4.71529974
48.72      0.0026     -4.74495739
46.02      0.0027     -4.65798804
46.89      0.0027     -4.68627794
44.40      0.0027     -4.60401991
45.19      0.0027     -4.63053248
42.95      0.0027     -4.55428508
43.65      0.0027     -4.57856449
41.67      0.0025     -4.50974676
42.29      0.0026     -4.53130422
49.15      0.0026     -4.75833848
43.49      0.0030     -4.57280399
46.30      0.0028     -4.66710322
38.01      0.0035     -4.37493326
40.72      0.0032     -4.47539973
32.79      0.0038     -4.16574839
35.36      0.0037     -4.27158396
28.00      0.0039     -3.95006705
30.33      0.0040     -4.05816065
23.87      0.0032     -3.74137869
25.83      0.0037     -3.84346323
20.81      0.0009     -3.56934697
22.17      0.0023     -3.64812956
19.34      0.0018     -3.48045777
19.85      0.0005     -3.51146858
19.81      0.0021     -3.51012943
19.33      0.0023     -3.48000226
22.11      0.0002     -3.64531593
20.76      0.0012     -3.56720625
25.73      0.0015     -3.83976372
23.79      0.0008     -3.73804577
30.22      0.0023     -4.05409879
27.90      0.0020     -3.94613372
35.24      0.0025     -4.26747672
32.68      0.0024     -4.16163618
40.60      0.0024     -4.47140229
41.11      0.0025     -4.48973807
37.89      0.0024     -4.37086858
42.85      0.0022     -4.55132132
37.49      0.0023     -4.35578223
43.92      0.0023     -4.58798415
43.36      0.0023     -4.56888917
40.14      0.0022     -4.45486001
32.44      0.0022     -4.15137288
34.92      0.0023     -4.25442032
45.18      0.0024     -4.63032704
44.53      0.0024     -4.60849946
27.86      0.0016     -3.94476605
30.08      0.0020     -4.04763362
46.61      0.0025     -4.67748960
45.88      0.0025     -4.65335913
24.04      0.0003     -3.75202678
25.84      0.0010     -3.84511662
48.20      0.0025     -4.72863529
47.39      0.0025     -4.70261490
21.38      0.0015     -3.60418445
22.54      0.0006     -3.66993626
49.94      0.0025     -4.78298391
49.05      0.0025     -4.75545516
20.35      0.0020     -3.54270787
20.64      0.0021     -3.56029337
21.17      0.0001     -3.59123082
20.53      0.0013     -3.55341689
23.67      0.0023     -3.73095162
22.24      0.0012     -3.65221013
27.38      0.0034     -3.92049612
25.40      0.0030     -3.82195368
31.88      0.0037     -4.12675377
29.55      0.0036     -4.02295533
36.89      0.0034     -4.33205418
34.34      0.0036     -4.23015740
42.22      0.0030     -4.52891031
39.52      0.0032     -4.43176648
47.77      0.0026     -4.71485803
44.98      0.0028     -4.62329565
49.94      0.0025     -4.78298391
48.20      0.0025     -4.72863529
49.05      0.0025     -4.75545516
46.61      0.0025     -4.67748960
47.39      0.0025     -4.70261490
45.18      0.0024     -4.63032704
45.88      0.0025     -4.65335913
43.92      0.0023     -4.58798415
44.53      0.0024     -4.60849946
47.77      0.0026     -4.71485803
42.22      0.0030     -4.52891031
44.98      0.0028     -4.62329565
36.89      0.0034     -4.33205418
39.52      0.0032     -4.43176648
31.88      0.0037     -4.12675377
34.34      0.0036     -4.23015740
27.38      0.0034     -3.92049612
29.55      0.0036     -4.02295533
23.67      0.0023     -3.73095162
25.40      0.0030     -3.82195368
21.17      0.0001     -3.59123082
22.24      0.0012     -3.65221013
20.35      0.0020     -3.54270787
20.53      0.0013     -3.55341689
21.38      0.0015     -3.60418445
20.64      0.0021     -3.56029337
24.04      0.0003     -3.75202678
22.54      0.0006     -3.66993626
27.86      0.0016     -3.94476605
25.84      0.0010     -3.84511662
32.44      0.0022     -4.15137288
30.08      0.0020     -4.04763362
37.49      0.0023     -4.35578223
34.92      0.0023     -4.25442032
42.85      0.0022     -4.55132132
43.36      0.0023     -4.56888917
40.14      0.0022     -4.45486001
45.11      0.0020     -4.62813835
39.74      0.0021     -4.44022600
46.17      0.0021     -4.66327991
45.62      0.0021     -4.64500894
42.40      0.0021     -4.53538451
34.66      0.0020     -4.24399822
37.16      0.0021     -4.34293611
47.42      0.0022     -4.70365131
46.77      0.0022     -4.68285861
30.01      0.0016     -4.04477654
32.27      0.0019     -4.14420249
48.83      0.0023     -4.74850486
48.10      0.0023     -4.72556423
26.03      0.0006     -3.85511751
27.92      0.0012     -3.94754778
49.59      0.0023     -4.77238251
23.07      0.0010     -3.69951608
24.39      0.0002     -3.77098681
21.54      0.0019     -3.61363956
22.10      0.0016     -3.64555571
21.76      0.0009     -3.62596851
21.43      0.0017     -3.60687133
23.68      0.0013     -3.73208363
22.53      0.0002     -3.66901459
26.93      0.0028     -3.89909638
25.17      0.0022     -3.81034787
31.11      0.0034     -4.09300930
28.93      0.0032     -3.99434060
35.88      0.0033     -4.29246435
33.43      0.0034     -4.19288956
41.04      0.0030     -4.48708263
38.42      0.0032     -4.39073718
46.47      0.0027     -4.67268847
43.73      0.0028     -4.58113163
49.25      0.0025     -4.76167265
48.83      0.0023     -4.74850486
49.59      0.0023     -4.77238251
47.42      0.0022     -4.70365131
48.10      0.0023     -4.72556423
46.17      0.0021     -4.66327991
46.77      0.0022     -4.68285861
46.47      0.0027     -4.67268847
49.25      0.0025     -4.76167265
41.04      0.0030     -4.48708263
43.73      0.0028     -4.58113163
35.88      0.0033     -4.29246435
38.42      0.0032     -4.39073718
31.11      0.0034     -4.09300930
33.43      0.0034     -4.19288956
26.93      0.0028     -3.89909638
28.93      0.0032     -3.99434060
23.68      0.0013     -3.73208363
25.17      0.0022     -3.81034787
21.76      0.0009     -3.62596851
22.53      0.0002     -3.66901459
21.54      0.0019     -3.61363956
21.43      0.0017     -3.60687133
23.07      0.0010     -3.69951608
22.10      0.0016     -3.64555571
26.03      0.0006     -3.85511751
24.39      0.0002     -3.77098681
30.01      0.0016     -4.04477654
27.92      0.0012     -3.94754778
34.66      0.0020     -4.24399822
32.27      0.0019     -4.14420249
39.74      0.0021     -4.44022600
37.16      0.0021     -4.34293611
45.11      0.0020     -4.62813835
45.62      0.0021     -4.64500894
42.40      0.0021     -4.53538451
47.37      0.0019     -4.70212074
41.99      0.0020     -4.52117780
48.43      0.0020     -4.73587887
47.87      0.0019     -4.71835513
44.65      0.0019     -4.61275830
36.88      0.0019     -4.33243986
39.40      0.0020     -4.42760655
49.66      0.0021     -4.77446995
49.02      0.0020     -4.75461116
32.17      0.0016     -4.14020888
34.47      0.0018     -4.23631474
28.06      0.0008     -3.95443091
30.02      0.0013     -4.04556511
24.84      0.0005     -3.79454484
26.31      0.0002     -3.86958007
22.90      0.0017     -3.69052088
23.68      0.0012     -3.73344774
22.56      0.0013     -3.67176206
22.52      0.0017     -3.66930716
23.91      0.0005     -3.74470226
23.04      0.0005     -3.69766892
26.67      0.0022     -3.88658989
25.14      0.0014     -3.80910267
30.48      0.0030     -4.06528649
28.47      0.0027     -3.97311657
34.98      0.0031     -4.25676359
32.66      0.0031     -4.16047385
39.96      0.0030     -4.44774697
37.42      0.0031     -4.35282008
45.24      0.0027     -4.63212640
42.57      0.0028     -4.54096673
47.97      0.0025     -4.72102835
49.66      0.0021     -4.77446995
48.43      0.0020     -4.73587887
49.02      0.0020     -4.75461116
45.24      0.0027     -4.63212640
47.97      0.0025     -4.72102835
39.96      0.0030     -4.44774697
42.57      0.0028     -4.54096673
34.98      0.0031     -4.25676359
37.42      0.0031     -4.35282008
30.48      0.0030     -4.06528649
32.66      0.0031     -4.16047385
26.67      0.0022     -3.88658989
28.47      0.0027     -3.97311657
23.91      0.0005     -3.74470226
25.14      0.0014     -3.80910267
22.56      0.0013     -3.67176206
23.04      0.0005     -3.69766892
22.90      0.0017     -3.69052088
22.52      0.0017     -3.66930716
24.84      0.0005     -3.79454484
23.68      0.0012     -3.73344774
28.06      0.0008     -3.95443091
26.31      0.0002     -3.86958007
32.17      0.0016     -4.14020888
30.02      0.0013     -4.04556511
36.88      0.0019     -4.33243986
34.47      0.0018     -4.23631474
41.99      0.0020     -4.52117780
39.40      0.0020     -4.42760655
47.37      0.0019     -4.70212074
47.87      0.0019     -4.71835513
44.65      0.0019     -4.61275830
49.62      0.0017     -4.77350141
44.24      0.0018     -4.59895499
46.90      0.0018     -4.68725459
39.11      0.0018     -4.41709734
41.64      0.0018     -4.50879360
34.35      0.0015     -4.23144869
36.67      0.0017     -4.32438606
30.12      0.0009     -4.04998609
32.15      0.0013     -4.13943881
26.69      0.0002     -3.88824800
28.28      0.0004     -3.96530340
24.39      0.0013     -3.77111033
25.37      0.0008     -3.82226305
23.56      0.0015     -3.72656856
23.77      0.0016     -3.73833967
24.34      0.0002     -3.76821692
23.75      0.0010     -3.73681710
26.60      0.0015     -3.88341705
25.31      0.0007     -3.81825455
30.01      0.0025     -4.04428419
28.19      0.0021     -3.95992409
34.22      0.0029     -4.22556214
32.03      0.0028     -4.13358449
38.97      0.0029     -4.41135942
36.54      0.0029     -4.31854802
44.09      0.0027     -4.59349714
41.49      0.0028     -4.50318705
49.47      0.0024     -4.76835928
46.75      0.0025     -4.68195357
49.47      0.0024     -4.76835928
44.09      0.0027     -4.59349714
46.75      0.0025     -4.68195357
38.97      0.0029     -4.41135942
41.49      0.0028     -4.50318705
34.22      0.0029     -4.22556214
36.54      0.0029     -4.31854802
30.01      0.0025     -4.04428419
32.03      0.0028     -4.13358449
26.60      0.0015     -3.88341705
28.19      0.0021     -3.95992409
24.34      0.0002     -3.76821692
25.31      0.0007     -3.81825455
23.56      0.0015     -3.72656856
23.75      0.0010     -3.73681710
24.39      0.0013     -3.77111033
23.77      0.0016     -3.73833967
26.69      0.0002     -3.88824800
25.37      0.0008     -3.82226305
30.12      0.0009     -4.04998609
28.28      0.0004     -3.96530340
34.35      0.0015     -4.23144869
32.15      0.0013     -4.13943881
39.11      0.0018     -4.41709734
36.67      0.0017     -4.32438606
44.24      0.0018     -4.59895499
41.64      0.0018     -4.50879360
49.62      0.0017     -4.77350141
46.90      0.0018     -4.68725459
46.49      0.0017     -4.67383211
49.16      0.0017     -4.75911117
41.34      0.0017     -4.49831570
43.88      0.0017     -4.58680925
36.53      0.0015     -4.31884762
38.88      0.0016     -4.40878054
32.20      0.0010     -4.14189997
34.29      0.0013     -4.22945041
28.59      0.0001     -3.97999548
30.29      0.0006     -4.05797611
25.99      0.0010     -3.85367190
27.14      0.0005     -3.91081033
24.71      0.0015     -3.78834966
25.17      0.0014     -3.81189855
24.97      0.0007     -3.80161206
24.65      0.0013     -3.78482402
26.72      0.0008     -3.88968353
25.68      0.0000     -3.83741648
29.70      0.0020     -4.03057306
28.08      0.0015     -3.95518045
33.58      0.0026     -4.19945298
31.55      0.0024     -4.11283563
38.09      0.0027     -4.37839539
35.77      0.0027     -4.28846104
43.03      0.0026     -4.55715150
40.51      0.0027     -4.46820326
48.27      0.0024     -4.73066821
45.62      0.0025     -4.64474630
48.27      0.0024     -4.73066821
43.03      0.0026     -4.55715150
45.62      0.0025     -4.64474630
38.09      0.0027     -4.37839539
40.51      0.0027     -4.46820326
33.58      0.0026     -4.19945298
35.77      0.0027     -4.28846104
29.70      0.0020     -4.03057306
31.55      0.0024     -4.11283563
26.72      0.0008     -3.88968353
28.08      0.0015     -3.95518045
24.97      0.0007     -3.80161206
25.68      0.0000     -3.83741648
24.71      0.0015     -3.78834966
24.65      0.0013     -3.78482402
25.99      0.0010     -3.85367190
25.17      0.0014     -3.81189855
28.59      0.0001     -3.97999548
27.14      0.0005     -3.91081033
32.20      0.0010     -4.14189997
30.29      0.0006     -4.05797611
36.53      0.0015     -4.31884762
34.29      0.0013     -4.22945041
41.34      0.0017     -4.49831570
38.88      0.0016     -4.40878054
46.49      0.0017     -4.67383211
43.88      0.0017     -4.58680925
49.16      0.0017     -4.75911117
48.74      0.0016     -4.74604836
43.57      0.0016     -4.57639494
46.13      0.0016     -4.66192447
38.72      0.0014     -4.40272308
41.10      0.0015     -4.48981741
34.31      0.0010     -4.23034013
36.45      0.0013     -4.31587540
30.54      0.0003     -4.06942488
32.33      0.0007     -4.14756091
27.68      0.0007     -3.93691784
28.98      0.0002     -3.99828850
26.02      0.0014     -3.85524335
26.68      0.0011     -3.88829216
25.79      0.0010     -3.84358938
25.71      0.0013     -3.83997390
27.03      0.0002     -3.90514814
26.23      0.0005     -3.86583335
29.56      0.0015     -4.02454408
28.16      0.0009     -3.95903387
33.09      0.0023     -4.17897890
31.22      0.0020     -4.09873716
37.33      0.0026     -4.34933523
35.13      0.0025     -4.26308362
42.06      0.0025     -4.52346046
39.64      0.0026     -4.43644142
47.14      0.0024     -4.69478101
44.57      0.0025     -4.60972617
49.78      0.0023     -4.77832208
47.14      0.0024     -4.69478101
49.78      0.0023     -4.77832208
42.06      0.0025     -4.52346046
44.57      0.0025     -4.60972617
37.33      0.0026     -4.34933523
39.64      0.0026     -4.43644142
33.09      0.0023     -4.17897890
35.13      0.0025     -4.26308362
29.56      0.0015     -4.02454408
31.22      0.0020     -4.09873716
27.03      0.0002     -3.90514814
28.16      0.0009     -3.95903387
25.79      0.0010     -3.84358938
26.23      0.0005     -3.86583335
26.02      0.0014     -3.85524335
25.71      0.0013     -3.83997390
27.68      0.0007     -3.93691784
26.68      0.0011     -3.88829216
30.54      0.0003     -4.06942488
28.98      0.0002     -3.99828850
34.31      0.0010     -4.23034013
32.33      0.0007     -4.14756091
38.72      0.0014     -4.40272308
36.45      0.0013     -4.31587540
43.57      0.0016     -4.57639494
41.10      0.0015     -4.48981741
48.74      0.0016     -4.74604836
46.13      0.0016     -4.66192447
45.81      0.0015     -4.65159702
48.37      0.0015     -4.73437596
40.92      0.0014     -4.48335978
43.32      0.0015     -4.56777746
36.44      0.0011     -4.31549663
38.62      0.0013     -4.39897457
32.54      0.0005     -4.15635217
34.40      0.0008     -4.23410707
29.45      0.0004     -4.01992587
30.87      0.0000     -4.08418043
27.44      0.0011     -3.92565398
28.29      0.0008     -3.96619951
26.77      0.0012     -3.89272117
26.93      0.0013     -3.90062564
27.52      0.0002     -3.92925464
26.97      0.0008     -3.90248084
29.60      0.0010     -4.02637037
28.41      0.0004     -3.97134772
32.75      0.0019     -4.16459688
31.06      0.0015     -4.09165303
36.69      0.0023     -4.32464528
34.63      0.0022     -4.24289791
41.20      0.0024     -4.49280746
38.88      0.0024     -4.40833075
46.11      0.0023     -4.66098956
43.61      0.0024     -4.57722955
48.68      0.0022     -4.74366323
46.11      0.0023     -4.66098956
48.68      0.0022     -4.74366323
41.20      0.0024     -4.49280746
43.61      0.0024     -4.57722955
36.69      0.0023     -4.32464528
38.88      0.0024     -4.40833075
32.75      0.0019     -4.16459688
34.63      0.0022     -4.24289791
29.60      0.0010     -4.02637037
31.06      0.0015     -4.09165303
27.52      0.0002     -3.92925464
28.41      0.0004     -3.97134772
26.77      0.0012     -3.89272117
26.97      0.0008     -3.90248084
27.44      0.0011     -3.92565398
26.93      0.0013     -3.90062564
29.45      0.0004     -4.01992587
28.29      0.0008     -3.96619951
32.54      0.0005     -4.15635217
30.87      0.0000     -4.08418043
36.44      0.0011     -4.31549663
34.40      0.0008     -4.23410707
40.92      0.0014     -4.48335978
38.62      0.0013     -4.39897457
45.81      0.0015     -4.65159702
43.32      0.0015     -4.56777746
48.37      0.0015     -4.73437596
48.05      0.0014     -4.72415210
43.12      0.0013     -4.56101246
45.55      0.0014     -4.64290837
38.58      0.0011     -4.39756578
40.80      0.0012     -4.47899007
34.56      0.0006     -4.24070999
36.49      0.0009     -4.31771397
31.28      0.0002     -4.10205585
32.81      0.0002     -4.16816963
28.97      0.0009     -3.99827734
29.99      0.0006     -4.04462444
27.90      0.0012     -3.94758294
28.27      0.0011     -3.96531078
28.19      0.0006     -3.96119883
27.87      0.0010     -3.94618091
29.81      0.0005     -4.03598994
28.84      0.0001     -3.99171691
32.55      0.0015     -4.15664452
31.05      0.0010     -4.09176933
36.18      0.0021     -4.30475591
34.27      0.0018     -4.22831497
40.44      0.0023     -4.46557762
38.24      0.0022     -4.38428782
45.16      0.0022     -4.62959970
42.75      0.0023     -4.54760259
47.65      0.0022     -4.71101363
45.16      0.0022     -4.62959970
47.65      0.0022     -4.71101363
40.44      0.0023     -4.46557762
42.75      0.0023     -4.54760259
36.18      0.0021     -4.30475591
38.24      0.0022     -4.38428782
32.55      0.0015     -4.15664452
34.27      0.0018     -4.22831497
29.81      0.0005     -4.03598994
31.05      0.0010     -4.09176933
28.19      0.0006     -3.96119883
28.84      0.0001     -3.99171691
27.90      0.0012     -3.94758294
27.87      0.0010     -3.94618091
28.97      0.0009     -3.99827734
28.27      0.0011     -3.96531078
31.28      0.0002     -4.10205585
29.99      0.0006     -4.04462444
34.56      0.0006     -4.24070999
32.81      0.0002     -4.16816963
38.58      0.0011     -4.39756578
36.49      0.0009     -4.31771397
43.12      0.0013     -4.56101246
40.80      0.0012     -4.47899007
48.05      0.0014     -4.72415210
45.55      0.0014     -4.64290837
45.33      0.0013     -4.63590916
47.77      0.0013     -4.71542947
40.73      0.0011     -4.47674064
42.98      0.0012     -4.55614448
36.61      0.0007     -4.32250548
38.60      0.0009     -4.39850798
33.16      0.0000     -4.18287825
34.79      0.0004     -4.25007876
30.59      0.0007     -4.07208557
31.75      0.0004     -4.12283729
29.16      0.0011     -4.00684891
29.72      0.0010     -4.03277901
29.01      0.0008     -4.00001516
28.92      0.0010     -3.99571149
30.18      0.0001     -4.05311275
29.44      0.0004     -4.01951340
32.52      0.0011     -4.15531284
31.22      0.0006     -4.09907710
35.80      0.0018     -4.29003802
34.06      0.0015     -4.21964709
39.79      0.0021     -4.44214482
37.72      0.0020     -4.36469859
44.30      0.0022     -4.60092512
41.99      0.0021     -4.52119240
49.19      0.0021     -4.75986453
46.71      0.0021     -4.68065223
49.19      0.0021     -4.75986453
44.30      0.0022     -4.60092512
46.71      0.0021     -4.68065223
39.79      0.0021     -4.44214482
41.99      0.0021     -4.52119240
35.80      0.0018     -4.29003802
37.72      0.0020     -4.36469859
32.52      0.0011     -4.15531284
34.06      0.0015     -4.21964709
30.18      0.0001     -4.05311275
31.22      0.0006     -4.09907710
29.01      0.0008     -4.00001516
29.44      0.0004     -4.01951340
29.16      0.0011     -4.00684891
28.92      0.0010     -3.99571149
30.59      0.0007     -4.07208557
29.72      0.0010     -4.03277901
33.16      0.0000     -4.18287825
31.75      0.0004     -4.12283729
36.61      0.0007     -4.32250548
34.79      0.0004     -4.25007876
40.73      0.0011     -4.47674064
38.60      0.0009     -4.39850798
45.33      0.0013     -4.63590916
42.98      0.0012     -4.55614448
47.77      0.0013     -4.71542947
47.55      0.0012     -4.70825416
42.90      0.0010     -4.55320604
45.17      0.0012     -4.63064106
38.69      0.0007     -4.40179244
40.73      0.0009     -4.47662805
35.09      0.0002     -4.26211695
36.80      0.0005     -4.32982541
32.29      0.0005     -4.14629177
33.57      0.0002     -4.20031775
30.53      0.0010     -4.06934752
31.27      0.0008     -4.10200552
29.98      0.0009     -4.04466454
30.10      0.0010     -4.04989336
30.71      0.0002     -4.07725088
30.19      0.0006     -4.05394971
32.64      0.0007     -4.16063033
31.54      0.0002     -4.11337379
35.56      0.0014     -4.28078026
33.99      0.0011     -4.21708508
39.27      0.0019     -4.42285641
37.33      0.0017     -4.34989873
43.55      0.0020     -4.57527972
41.35      0.0020     -4.49833573
48.25      0.0020     -4.73046115
45.86      0.0020     -4.65286409
48.25      0.0020     -4.73046115
43.55      0.0020     -4.57527972
45.86      0.0020     -4.65286409
39.27      0.0019     -4.42285641
41.35      0.0020     -4.49833573
35.56      0.0014     -4.28078026
37.33      0.0017     -4.34989873
32.64      0.0007     -4.16063033
33.99      0.0011     -4.21708508
30.71      0.0002     -4.07725088
31.54      0.0002     -4.11337379
29.98      0.0009     -4.04466454
30.19      0.0006     -4.05394971
30.53      0.0010     -4.06934752
30.10      0.0010     -4.04989336
32.29      0.0005     -4.14629177
31.27      0.0008     -4.10200552
35.09      0.0002     -4.26211695
33.57      0.0002     -4.20031775
38.69      0.0007     -4.40179244
36.80      0.0005     -4.32982541
42.90      0.0010     -4.55320604
40.73      0.0009     -4.47662805
47.55      0.0012     -4.70825416
45.17      0.0012     -4.63064106
49.77      0.0012     -4.77823055
45.07      0.0010     -4.62713592
47.37      0.0011     -4.70266486
40.78      0.0007     -4.47865256
42.86      0.0009     -4.55221676
37.05      0.0003     -4.33960571
38.84      0.0005     -4.40739085
34.05      0.0003     -4.22030800
35.45      0.0000     -4.27670515
32.00      0.0008     -4.13408397
32.90      0.0006     -4.17217514
31.09      0.0009     -4.09411017
31.40      0.0010     -4.10764841
31.40      0.0005     -4.10776478
31.09      0.0008     -4.09414839
32.91      0.0003     -4.17246097
32.02      0.0001     -4.13428274
35.47      0.0011     -4.27716976
34.07      0.0007     -4.22068356
38.86      0.0016     -4.40801724
37.08      0.0014     -4.34015496
42.90      0.0019     -4.55296810
40.81      0.0018     -4.47934661
47.41      0.0019     -4.70350034
45.10      0.0019     -4.62793415
49.80      0.0019     -4.77909442
47.41      0.0019     -4.70350034
49.80      0.0019     -4.77909442
42.90      0.0019     -4.55296810
45.10      0.0019     -4.62793415
38.86      0.0016     -4.40801724
40.81      0.0018     -4.47934661
35.47      0.0011     -4.27716976
37.08      0.0014     -4.34015496
32.91      0.0003     -4.17246097
34.07      0.0007     -4.22068356
31.40      0.0005     -4.10776478
32.02      0.0001     -4.13428274
31.09      0.0009     -4.09411017
31.09      0.0008     -4.09414839
32.00      0.0008     -4.13408397
31.40      0.0010     -4.10764841
34.05      0.0003     -4.22030800
32.90      0.0006     -4.17217514
37.05      0.0003     -4.33960571
35.45      0.0000     -4.27670515
40.78      0.0007     -4.47865256
38.84      0.0005     -4.40739085
45.07      0.0010     -4.62713592
42.86      0.0009     -4.55221676
49.77      0.0012     -4.77823055
47.37      0.0011     -4.70266486
47.25      0.0010     -4.69869234
49.58      0.0011     -4.77238410
42.89      0.0008     -4.55318307
45.01      0.0009     -4.62541500
39.04      0.0004     -4.41525605
40.89      0.0006     -4.48279828
35.87      0.0001     -4.29370507
37.36      0.0001     -4.35175820
33.57      0.0007     -4.20023931
34.60      0.0004     -4.24265491
32.31      0.0009     -4.14737411
32.80      0.0008     -4.16803106
32.24      0.0007     -4.14391750
32.12      0.0008     -4.13920627
33.34      0.0000     -4.19051614
32.64      0.0004     -4.16128645
35.52      0.0008     -4.27927894
34.31      0.0004     -4.23035692
38.59      0.0014     -4.39787372
36.96      0.0011     -4.33564853
42.36      0.0017     -4.53427495
40.40      0.0016     -4.46450247
46.66      0.0018     -4.67924132
44.45      0.0018     -4.60613886
48.96      0.0018     -4.75290747
46.66      0.0018     -4.67924132
48.96      0.0018     -4.75290747
42.36      0.0017     -4.53427495
44.45      0.0018     -4.60613886
38.59      0.0014     -4.39787372
40.40      0.0016     -4.46450247
35.52      0.0008     -4.27927894
36.96      0.0011     -4.33564853
33.34      0.0000     -4.19051614
34.31      0.0004     -4.23035692
32.24      0.0007     -4.14391750
32.64      0.0004     -4.16128645
32.31      0.0009     -4.14737411
32.12      0.0008     -4.13920627
33.57      0.0007     -4.20023931
32.80      0.0008     -4.16803106
35.87      0.0001     -4.29370507
34.60      0.0004     -4.24265491
39.04      0.0004     -4.41525605
37.36      0.0001     -4.35175820
42.89      0.0008     -4.55318307
40.89      0.0006     -4.48279828
47.25      0.0010     -4.69869234
45.01      0.0009     -4.62541500
49.58      0.0011     -4.77238410
49.43      0.0010     -4.76802549
45.02      0.0008     -4.62548873
47.17      0.0009     -4.69635863
41.07      0.0004     -4.48903348
42.97      0.0006     -4.55609783
37.74      0.0000     -4.36617727
39.31      0.0002     -4.42532349
35.20      0.0005     -4.26715615
36.36      0.0003     -4.31296368
33.64      0.0008     -4.20357264
34.29      0.0007     -4.23023842
33.20      0.0007     -4.18492786
33.28      0.0008     -4.18824625
33.91      0.0002     -4.21437880
33.41      0.0005     -4.19376863
35.71      0.0005     -4.28706049
34.68      0.0001     -4.24588645
38.45      0.0011     -4.39260011
36.97      0.0008     -4.33646374
41.94      0.0015     -4.51945374
40.11      0.0013     -4.45403136
46.01      0.0017     -4.65793594
43.91      0.0016     -4.58773728
48.21      0.0017     -4.72927908
46.01      0.0017     -4.65793594
48.21      0.0017     -4.72927908
41.94      0.0015     -4.51945374
43.91      0.0016     -4.58773728
38.45      0.0011     -4.39260011
40.11      0.0013     -4.45403136
35.71      0.0005     -4.28706049
36.97      0.0008     -4.33646374
33.91      0.0002     -4.21437880
34.68      0.0001     -4.24588645
33.20      0.0007     -4.18492786
33.41      0.0005     -4.19376863
33.64      0.0008     -4.20357264
33.28      0.0008     -4.18824625
35.20      0.0005     -4.26715615
34.29      0.0007     -4.23023842
37.74      0.0000     -4.36617727
36.36      0.0003     -4.31296368
41.07      0.0004     -4.48903348
39.31      0.0002     -4.42532349
45.02      0.0008     -4.62548873
42.97      0.0006     -4.55609783
49.43      0.0010     -4.76802549
47.17      0.0009     -4.69635863
47.15      0.0008     -4.69567662
49.34      0.0009     -4.76517691
43.11      0.0005     -4.56094075
45.07      0.0007     -4.62735629
39.64      0.0001     -4.43751308
41.30      0.0003     -4.49731149
36.91      0.0004     -4.33431749
38.17      0.0001     -4.38274297
35.07      0.0007     -4.26193385
35.86      0.0006     -4.29360636
34.29      0.0008     -4.23001641
34.54      0.0008     -4.24045370
34.62      0.0004     -4.24353540
34.31      0.0006     -4.23105748
36.04      0.0002     -4.30035106
35.20      0.0001     -4.26693735
38.44      0.0008     -4.39228802
37.13      0.0005     -4.34258217
41.63      0.0013     -4.50871542
39.94      0.0011     -4.44809957
45.46      0.0016     -4.63982062
43.47      0.0015     -4.57296147
49.77      0.0017     -4.77811839
47.56      0.0016     -4.70843915
49.77      0.0017     -4.77811839
45.46      0.0016     -4.63982062
47.56      0.0016     -4.70843915
41.63      0.0013     -4.50871542
43.47      0.0015     -4.57296147
38.44      0.0008     -4.39228802
39.94      0.0011     -4.44809957
36.04      0.0002     -4.30035106
37.13      0.0005     -4.34258217
34.62      0.0004     -4.24353540
35.20      0.0001     -4.26693735
34.29      0.0008     -4.23001641
34.31      0.0006     -4.23105748
35.07      0.0007     -4.26193385
34.54      0.0008     -4.24045370
36.91      0.0004     -4.33431749
35.86      0.0006     -4.29360636
39.64      0.0001     -4.43751308
38.17      0.0001     -4.38274297
43.11      0.0005     -4.56094075
41.30      0.0003     -4.49731149
47.15      0.0008     -4.69567662
45.07      0.0007     -4.62735629
49.34      0.0009     -4.76517691
49.30      0.0008     -4.76385283
45.18      0.0005     -4.63100571
47.18      0.0007     -4.69664996
41.58      0.0002     -4.50757199
43.31      0.0004     -4.56767864
38.66      0.0002     -4.40132412
40.03      0.0000     -4.45173122
36.58      0.0006     -4.32180145
37.51      0.0004     -4.35759682
35.48      0.0008     -4.27844050
35.90      0.0007     -4.29509815
35.46      0.0005     -4.27741072
35.33      0.0007     -4.27246540
36.51      0.0000     -4.31888300
35.85      0.0003     -4.29308292
38.56      0.0006     -4.39694084
37.42      0.0003     -4.35388426
41.44      0.0011     -4.50221826
39.90      0.0008     -4.44680298
45.01      0.0014     -4.62510830
43.15      0.0013     -4.56200679
49.11      0.0016     -4.75772133
47.00      0.0015     -4.69060415
49.11      0.0016     -4.75772133
45.01      0.0014     -4.62510830
47.00      0.0015     -4.69060415
41.44      0.0011     -4.50221826
43.15      0.0013     -4.56200679
38.56      0.0006     -4.39694084
39.90      0.0008     -4.44680298
36.51      0.0000     -4.31888300
37.42      0.0003     -4.35388426
35.46      0.0005     -4.27741072
35.85      0.0003     -4.29308292
35.48      0.0008     -4.27844050
35.33      0.0007     -4.27246540
36.58      0.0006     -4.32180145
35.90      0.0007     -4.29509815
38.66      0.0002     -4.40132412
37.51      0.0004     -4.35759682
41.58      0.0002     -4.50757199
40.03      0.0000     -4.45173122
45.18      0.0005     -4.63100571
43.31      0.0004     -4.56767864
49.30      0.0008     -4.76385283
47.18      0.0007     -4.69664996
47.26      0.0006     -4.69927277
49.30      0.0007     -4.76405983
43.55      0.0003     -4.57626654
45.34      0.0004     -4.63641415
40.47      0.0001     -4.46787333
41.93      0.0001     -4.51974238
38.16      0.0005     -4.38262953
39.21      0.0003     -4.42178181
36.78      0.0007     -4.32951772
37.35      0.0006     -4.35154264
36.42      0.0006     -4.31540178
36.47      0.0007     -4.31732136
37.11      0.0002     -4.34230295
36.63      0.0004     -4.32383251
38.81      0.0003     -4.40647369
37.84      0.0001     -4.37015743
41.38      0.0009     -4.50005989
39.99      0.0006     -4.45016123
44.68      0.0012     -4.61398029
42.95      0.0011     -4.55502350
48.55      0.0014     -4.74016034
46.55      0.0013     -4.67596998
48.55      0.0014     -4.74016034
44.68      0.0012     -4.61398029
46.55      0.0013     -4.67596998
41.38      0.0009     -4.50005989
42.95      0.0011     -4.55502350
38.81      0.0003     -4.40647369
39.99      0.0006     -4.45016123
37.11      0.0002     -4.34230295
37.84      0.0001     -4.37015743
36.42      0.0006     -4.31540178
36.63      0.0004     -4.32383251
36.78      0.0007     -4.32951772
36.47      0.0007     -4.31732136
38.16      0.0005     -4.38262953
37.35      0.0006     -4.35154264
40.47      0.0001     -4.46787333
39.21      0.0003     -4.42178181
43.55      0.0003     -4.57626654
41.93      0.0001     -4.51974238
47.26      0.0006     -4.69927277
45.34      0.0004     -4.63641415
49.30      0.0007     -4.76405983
