0.0000     70.6228    -0.60694123
1.4774     0.0937     -1.27159276
1.4774     0.0937     -1.27159276
2.3689     0.1486     -1.56544775
2.3689     0.1486     -1.56544775
2.3793     0.0494     -1.65940537
2.3793     0.0494     -1.65940537
2.9548     0.0864     -1.75987933
2.9548     0.0864     -1.75987933
3.1509     0.1989     -1.75214331
3.1509     0.1989     -1.75214331
3.1742     0.0572     -1.87833662
3.1742     0.0572     -1.87833662
4.3140     0.1218     -2.04507089
4.3140     0.1218     -2.04507089
4.3423     0.0202     -2.11563106
4.3423     0.0202     -2.11563106
4.4323     0.0527     -2.10067707
4.4323     0.0527     -2.10067707
4.5125     0.0222     -2.12959544
4.5125     0.0222     -2.12959544
4.7379     0.0624     -2.15292860
4.7379     0.0624     -2.15292860
4.7585     0.0128     -2.19014055
4.7585     0.0128     -2.19014055
5.3756     0.0758     -2.25666815
5.3756     0.0758     -2.25666815
5.4120     0.0221     -2.30632749
5.4120     0.0221     -2.30632749
5.6265     0.0739     -2.29811336
5.6265     0.0739     -2.29811336
5.6570     0.0022     -2.33725410
