0.0000     42.0108    -0.90834599
1.0000     0.0519     -1.57580116
1.0000     0.0519     -1.57580116
1.0000     0.0519     -1.57580116
1.0000     0.0519     -1.57580116
1.4142     0.0413     -1.79098700
1.4142     0.0413     -1.79098700
1.4142     0.0413     -1.79098700
1.4142     0.0413     -1.79098700
2.0000     0.0214     -2.02932535
2.0000     0.0214     -2.02932535
2.0000     0.0214     -2.02932535
2.0000     0.0214     -2.02932535
2.2361     0.0193     -2.10845222
2.2361     0.0193     -2.10845222
2.2361     0.0193     -2.10845222
2.2361     0.0193     -2.10845222
2.2361     0.0193     -2.10845222
2.2361     0.0193     -2.10845222
2.2361     0.0193     -2.10845222
2.2361     0.0193     -2.10845222
2.8284     0.0138     -2.28283814
2.8284     0.0138     -2.28283814
2.8284     0.0138     -2.28283814
2.8284     0.0138     -2.28283814
3.0000     0.0121     -2.32828924
3.0000     0.0121     -2.32828924
3.0000     0.0121     -2.32828924
3.0000     0.0121     -2.32828924
3.1623     0.0114     -2.36915726
3.1623     0.0114     -2.36915726
3.1623     0.0114     -2.36915726
3.1623     0.0114     -2.36915726
3.1623     0.0114     -2.36915726
3.1623     0.0114     -2.36915726
3.1623     0.0114     -2.36915726
3.1623     0.0114     -2.36915726
3.6056     0.0095     -2.47329803
