r           d           f
0.0000     70.6228    -0.60694123
1.4774     0.0937     -1.27159276
1.4774     0.0937     -1.27159276
2.3689     0.1486     -1.56544775
2.3689     0.1486     -1.56544775
2.3793     0.0494     -1.65940537
2.3793     0.0494     -1.65940537
2.9548     0.0864     -1.75987933
2.9548     0.0864     -1.75987933
3.1509     0.1989     -1.75214331
3.1509     0.1989     -1.75214331
3.1742     0.0572     -1.87833662
3.1742     0.0572     -1.87833662
4.3140     0.1218     -2.04507089
4.3140     0.1218     -2.04507089
4.3423     0.0202     -2.11563106
4.3423     0.0202     -2.11563106
4.4323     0.0527     -2.10067707
4.4323     0.0527     -2.10067707
4.5125     0.0222     -2.12959544
4.5125     0.0222     -2.12959544
4.7379     0.0624     -2.15292860
4.7379     0.0624     -2.15292860
4.7585     0.0128     -2.19014055
4.7585     0.0128     -2.19014055
5.3756     0.0758     -2.25666815
5.3756     0.0758     -2.25666815
5.4120     0.0221     -2.30632749
5.4120     0.0221     -2.30632749
5.6265     0.0739     -2.29811336
5.6265     0.0739     -2.29811336
5.6570     0.0022     -2.33725410
5.6570     0.0022     -2.33725410
5.9097     0.0354     -2.36003077
5.9097     0.0354     -2.36003077
6.3019     0.0671     -2.40420911
6.3019     0.0671     -2.40420911
6.3484     0.0171     -2.44848567
6.3484     0.0171     -2.44848567
6.8035     0.0218     -2.49600202
6.8035     0.0218     -2.49600202
6.8143     0.0061     -2.50439119
6.8143     0.0061     -2.50439119
7.0051     0.0487     -2.51134742
7.0051     0.0487     -2.51134742
7.0365     0.0045     -2.53533402
7.0365     0.0045     -2.53533402
7.1068     0.0348     -2.53132467
7.1068     0.0348     -2.53132467
7.1378     0.0055     -2.55320006
7.1378     0.0055     -2.55320006
7.3871     0.0257     -2.57228328
7.3871     0.0257     -2.57228328
7.4091     0.0531     -2.56275281
7.4091     0.0531     -2.56275281
7.4618     0.0100     -2.59757238
7.4618     0.0100     -2.59757238
7.6870     0.0406     -2.60390525
7.6870     0.0406     -2.60390525
7.7347     0.0103     -2.63234023
7.7347     0.0103     -2.63234023
8.4172     0.0345     -2.69544446
8.4172     0.0345     -2.69544446
8.4492     0.0067     -2.71154321
8.4492     0.0067     -2.71154321
8.4876     0.0399     -2.70128085
8.4876     0.0399     -2.70128085
8.5481     0.0103     -2.73044640
8.5481     0.0103     -2.73044640
8.6280     0.0409     -2.71708642
8.6280     0.0409     -2.71708642
8.6846     0.0048     -2.74383036
8.6846     0.0048     -2.74383036
8.8645     0.0197     -2.75364213
8.8645     0.0197     -2.75364213
9.0250     0.0095     -2.77615364
9.0250     0.0095     -2.77615364
9.1344     0.0169     -2.78502847
9.1344     0.0169     -2.78502847
9.1558     0.0023     -2.79381219
9.1558     0.0023     -2.79381219
9.4528     0.0358     -2.81139693
9.4528     0.0358     -2.81139693
9.4757     0.0227     -2.81969820
9.4757     0.0227     -2.81969820
9.5170     0.0029     -2.83537852
9.5170     0.0029     -2.83537852
9.5225     0.0082     -2.83826298
9.5225     0.0082     -2.83826298
9.8486     0.0258     -2.85786507
9.8486     0.0258     -2.85786507
9.8809     0.0071     -2.86947342
9.8809     0.0071     -2.86947342
9.9174     0.0318     -2.86233275
9.9174     0.0318     -2.86233275
9.9765     0.0014     -2.88314210
9.9765     0.0014     -2.88314210
10.0253    0.0258     -2.87622023
10.0253    0.0258     -2.87622023
10.0838    0.0057     -2.89603506
10.0838    0.0057     -2.89603506
10.3420    0.0157     -2.91297622
10.3420    0.0157     -2.91297622
10.5373    0.0307     -2.92584325
10.5373    0.0307     -2.92584325
10.6138    0.0058     -2.94946104
10.6138    0.0058     -2.94946104
10.7513    0.0263     -2.94891392
10.7513    0.0263     -2.94891392
10.8240    0.0064     -2.97034340
10.8240    0.0064     -2.97034340
11.2531    0.0252     -2.99766646
11.2531    0.0252     -2.99766646
11.2918    0.0201     -3.00359268
11.2918    0.0201     -3.00359268
11.3000    0.0092     -3.00917167
11.3000    0.0092     -3.00917167
11.3108    0.0049     -3.01206591
11.3108    0.0049     -3.01206591
11.3139    0.0006     -3.01425236
11.3139    0.0006     -3.01425236
11.3243    0.0070     -3.01244047
11.3243    0.0070     -3.01244047
11.4808    0.0132     -3.02436278
11.4808    0.0132     -3.02436278
11.5128    0.0011     -3.03263417
11.5128    0.0011     -3.03263417
11.6206    0.0251     -3.03207789
11.6206    0.0251     -3.03207789
11.7047    0.0059     -3.05338597
11.7047    0.0059     -3.05338597
11.7082    0.0259     -3.03974764
11.7082    0.0259     -3.03974764
11.7896    0.0036     -3.06018068
11.7896    0.0036     -3.06018068
11.8194    0.0129     -3.05570165
11.8194    0.0129     -3.05570165
11.8446    0.0163     -3.05650270
11.8446    0.0163     -3.05650270
11.8963    0.0017     -3.06907604
11.8963    0.0017     -3.06907604
12.3753    0.0181     -3.10319252
12.3753    0.0181     -3.10319252
12.4444    0.0034     -3.11869652
12.4444    0.0034     -3.11869652
12.6037    0.0229     -3.12104067
12.6037    0.0229     -3.12104067
12.6204    0.0204     -3.12362773
12.6204    0.0204     -3.12362773
12.6825    0.0017     -3.13718974
12.6825    0.0017     -3.13718974
12.6967    0.0049     -3.14127085
12.6967    0.0049     -3.14127085
12.7428    0.0162     -3.13606589
12.7428    0.0162     -3.13606589
12.7755    0.0065     -3.14310668
12.7755    0.0065     -3.14310668
12.9419    0.0218     -3.15061146
12.9419    0.0218     -3.15061146
13.0269    0.0020     -3.16827657
13.0269    0.0020     -3.16827657
13.0524    0.0187     -3.16135837
13.0524    0.0187     -3.16135837
13.1366    0.0042     -3.17848467
13.1366    0.0042     -3.17848467
13.2968    0.0108     -3.18539051
13.2968    0.0108     -3.18539051
13.5375    0.0055     -3.20767092
13.5375    0.0055     -3.20767092
13.6070    0.0081     -3.21222364
13.6070    0.0081     -3.21222364
13.6286    0.0029     -3.21629924
13.6286    0.0029     -3.21629924
13.6760    0.0205     -3.21243353
13.6760    0.0205     -3.21243353
13.7760    0.0037     -3.23118012
13.7760    0.0037     -3.23118012
13.8349    0.0105     -3.22975415
13.8349    0.0105     -3.22975415
13.8545    0.0184     -3.22785882
13.8545    0.0184     -3.22785882
13.8774    0.0006     -3.23752472
13.8774    0.0006     -3.23752472
13.9515    0.0042     -3.24557118
13.9515    0.0042     -3.24557118
14.0102    0.0168     -3.24113631
14.0102    0.0168     -3.24113631
14.0730    0.0023     -3.25249152
14.0730    0.0023     -3.25249152
14.1993    0.0133     -3.25774737
14.1993    0.0133     -3.25774737
14.2136    0.0124     -3.25930042
14.2136    0.0124     -3.25930042
14.2222    0.0184     -3.25730549
14.2222    0.0184     -3.25730549
14.2321    0.0060     -3.26354327
14.2321    0.0060     -3.26354327
14.2755    0.0011     -3.27010561
14.2755    0.0011     -3.27010561
14.3098    0.0008     -3.27267622
14.3098    0.0008     -3.27267622
14.7313    0.0136     -3.29932103
14.7313    0.0136     -3.29932103
14.7613    0.0175     -3.29990428
14.7613    0.0175     -3.29990428
14.7742    0.0092     -3.30453486
14.7742    0.0092     -3.30453486
14.8109    0.0023     -3.31237360
14.8109    0.0023     -3.31237360
14.8182    0.0181     -3.30402344
14.8182    0.0181     -3.30402344
14.8688    0.0038     -3.31748967
14.8688    0.0038     -3.31748967
14.9237    0.0027     -3.32120089
14.9237    0.0027     -3.32120089
15.3740    0.0141     -3.34795758
15.3740    0.0141     -3.34795758
15.4162    0.0140     -3.35114473
15.4162    0.0140     -3.35114473
15.4694    0.0029     -3.36248627
15.4694    0.0029     -3.36248627
15.4797    0.0027     -3.36085236
15.4797    0.0027     -3.36085236
15.5375    0.0157     -3.35943666
15.5375    0.0157     -3.35943666
15.6272    0.0000     -3.37293709
15.6272    0.0000     -3.37293709
15.6597    0.0112     -3.37045952
15.6597    0.0112     -3.37045952
15.6926    0.0056     -3.37536109
15.6926    0.0056     -3.37536109
15.7546    0.0162     -3.37524209
15.7546    0.0162     -3.37524209
15.8055    0.0053     -3.38376541
15.8055    0.0053     -3.38376541
15.8164    0.0035     -3.38534722
15.8164    0.0035     -3.38534722
15.8709    0.0032     -3.39226737
15.8709    0.0032     -3.39226737
15.9323    0.0071     -3.39226515
15.9323    0.0071     -3.39226515
15.9646    0.0018     -3.39690325
15.9646    0.0018     -3.39690325
16.0153    0.0159     -3.39441961
16.0153    0.0159     -3.39441961
16.1251    0.0018     -3.41010188
16.1251    0.0018     -3.41010188
16.1269    0.0141     -3.40329363
16.1269    0.0141     -3.40329363
16.1934    0.0086     -3.41050354
16.1934    0.0086     -3.41050354
16.2360    0.0030     -3.41863682
16.2360    0.0030     -3.41863682
16.2463    0.0004     -3.41789788
16.2463    0.0004     -3.41789788
16.2516    0.0080     -3.41494903
16.2516    0.0080     -3.41494903
16.5825    0.0098     -3.43773526
16.5825    0.0098     -3.43773526
16.6548    0.0008     -3.44744976
16.6548    0.0008     -3.44744976
16.8193    0.0149     -3.45217010
16.8193    0.0149     -3.45217010
16.8345    0.0119     -3.45452477
16.8345    0.0119     -3.45452477
16.8796    0.0135     -3.45699062
16.8796    0.0135     -3.45699062
16.8984    0.0028     -3.46297387
16.8984    0.0028     -3.46297387
16.9427    0.0026     -3.46840723
16.9427    0.0026     -3.46840723
16.9709    0.0006     -3.46897004
16.9709    0.0006     -3.46897004
16.9753    0.0137     -3.46354771
16.9753    0.0137     -3.46354771
17.0909    0.0106     -3.47291592
17.0909    0.0106     -3.47291592
17.0961    0.0029     -3.47919185
17.0961    0.0029     -3.47919185
17.1230    0.0096     -3.47558923
17.1230    0.0096     -3.47558923
17.1559    0.0051     -3.47982547
17.1559    0.0051     -3.47982547
17.1810    0.0016     -3.48445021
17.1810    0.0016     -3.48445021
17.2559    0.0140     -3.48280547
17.2559    0.0140     -3.48280547
17.3692    0.0010     -3.49713225
17.3692    0.0010     -3.49713225
17.7083    0.0111     -3.51483190
17.7083    0.0111     -3.51483190
17.7291    0.0070     -3.51799904
17.7291    0.0070     -3.51799904
17.8145    0.0020     -3.52768759
17.8145    0.0020     -3.52768759
17.9055    0.0131     -3.52718190
17.9055    0.0131     -3.52718190
17.9425    0.0135     -3.52946290
17.9425    0.0135     -3.52946290
18.0365    0.0027     -3.54276002
18.0365    0.0027     -3.54276002
18.0499    0.0037     -3.54090513
18.0499    0.0037     -3.54090513
18.0718    0.0020     -3.54481851
18.0718    0.0020     -3.54481851
18.0995    0.0049     -3.54363279
18.0995    0.0049     -3.54363279
18.1211    0.0024     -3.54617040
18.1211    0.0024     -3.54617040
18.2427    0.0117     -3.55013847
18.2427    0.0117     -3.55013847
18.2621    0.0103     -3.55203918
18.2621    0.0103     -3.55203918
18.2688    0.0061     -3.55427918
18.2688    0.0061     -3.55427918
18.3116    0.0013     -3.55922890
18.3116    0.0013     -3.55922890
18.3265    0.0028     -3.55950616
18.3265    0.0028     -3.55950616
18.3352    0.0010     -3.56087502
18.3352    0.0010     -3.56087502
18.4237    0.0112     -3.56222592
18.4237    0.0112     -3.56222592
18.5313    0.0123     -3.56873770
18.5313    0.0123     -3.56873770
18.5444    0.0023     -3.57595366
18.5444    0.0023     -3.57595366
18.5545    0.0072     -3.57250270
18.5545    0.0072     -3.57250270
18.5886    0.0083     -3.57421691
18.5886    0.0083     -3.57421691
18.6178    0.0003     -3.57963271
18.6178    0.0003     -3.57963271
18.6215    0.0047     -3.57794349
18.6215    0.0047     -3.57794349
18.6473    0.0005     -3.58186566
18.6473    0.0005     -3.58186566
18.9056    0.0122     -3.59293864
18.9056    0.0122     -3.59293864
18.9514    0.0080     -3.59773251
18.9514    0.0080     -3.59773251
19.0340    0.0005     -3.60673685
19.0340    0.0005     -3.60673685
19.0451    0.0023     -3.60820752
19.0451    0.0023     -3.60820752
19.1139    0.0122     -3.60627147
19.1139    0.0122     -3.60627147
19.2065    0.0062     -3.61474150
19.2065    0.0062     -3.61474150
19.2262    0.0110     -3.61389599
19.2262    0.0110     -3.61389599
19.2481    0.0015     -3.62073337
19.2481    0.0015     -3.62073337
19.3597    0.0023     -3.62812029
19.3597    0.0023     -3.62812029
19.4527    0.0086     -3.62922876
19.4527    0.0086     -3.62922876
19.5533    0.0011     -3.63976490
19.5533    0.0011     -3.63976490
19.6223    0.0102     -3.63913394
19.6223    0.0102     -3.63913394
19.6971    0.0089     -3.64434396
19.6971    0.0089     -3.64434396
19.7158    0.0013     -3.64884673
19.7158    0.0013     -3.64884673
19.7617    0.0028     -3.65102929
19.7617    0.0028     -3.65102929
19.8347    0.0109     -3.65200889
19.8347    0.0109     -3.65200889
19.9530    0.0000     -3.66408878
19.9530    0.0000     -3.66408878
19.9649    0.0114     -3.65983058
19.9649    0.0114     -3.65983058
20.0506    0.0090     -3.66615260
20.0506    0.0090     -3.66615260
20.0559    0.0073     -3.66720121
20.0559    0.0073     -3.66720121
20.0889    0.0043     -3.67052755
20.0889    0.0043     -3.67052755
20.1055    0.0107     -3.66875921
20.1055    0.0107     -3.66875921
20.1117    0.0019     -3.67464177
20.1117    0.0019     -3.67464177
20.1676    0.0015     -3.67787564
20.1676    0.0015     -3.67787564
20.2500    0.0022     -3.68318506
20.2500    0.0022     -3.68318506
20.3142    0.0036     -3.68458993
20.3142    0.0036     -3.68458993
20.3251    0.0026     -3.68565995
20.3251    0.0026     -3.68565995
20.3253    0.0110     -3.68202791
20.3253    0.0110     -3.68202791
20.4106    0.0045     -3.69002770
20.4106    0.0045     -3.69002770
20.4430    0.0017     -3.69319682
20.4430    0.0017     -3.69319682
20.4636    0.0010     -3.69562895
20.4636    0.0010     -3.69562895
20.6126    0.0054     -3.70183661
20.6126    0.0054     -3.70183661
20.6661    0.0009     -3.70698685
20.6661    0.0009     -3.70698685
20.6839    0.0056     -3.70601231
20.6839    0.0056     -3.70601231
20.7367    0.0091     -3.70763322
20.7367    0.0091     -3.70763322
20.8687    0.0017     -3.72022181
20.8687    0.0017     -3.72022181
20.9174    0.0061     -3.71971446
20.9174    0.0061     -3.71971446
20.9911    0.0002     -3.72666458
20.9911    0.0002     -3.72666458
21.0153    0.0090     -3.72425956
21.0153    0.0090     -3.72425956
21.0517    0.0102     -3.72588296
21.0517    0.0102     -3.72588296
21.0747    0.0105     -3.72710648
21.0747    0.0105     -3.72710648
21.1095    0.0015     -3.73312092
21.1095    0.0015     -3.73312092
21.1380    0.0079     -3.73200028
21.1380    0.0079     -3.73200028
21.1610    0.0097     -3.73255733
21.1610    0.0097     -3.73255733
21.2028    0.0027     -3.73805239
21.2028    0.0027     -3.73805239
21.2061    0.0020     -3.74029031
21.2061    0.0020     -3.74029031
21.2277    0.0015     -3.74137936
21.2277    0.0015     -3.74137936
21.2812    0.0003     -3.74372480
21.2812    0.0003     -3.74372480
21.3203    0.0067     -3.74322008
21.3203    0.0067     -3.74322008
21.4133    0.0004     -3.75174482
21.4133    0.0004     -3.75174482
21.5026    0.0091     -3.75282279
21.5026    0.0091     -3.75282279
21.5246    0.0065     -3.75523639
21.5246    0.0065     -3.75523639
21.5576    0.0040     -3.75824166
21.5576    0.0040     -3.75824166
21.5699    0.0099     -3.75636745
21.5699    0.0099     -3.75636745
21.6480    0.0018     -3.76599499
21.6480    0.0018     -3.76599499
21.7115    0.0006     -3.76916278
21.7115    0.0006     -3.76916278
21.8161    0.0072     -3.77180992
21.8161    0.0072     -3.77180992
21.9271    0.0008     -3.78166120
21.9271    0.0008     -3.78166120
22.0565    0.0097     -3.78449168
22.0565    0.0097     -3.78449168
22.1613    0.0050     -3.79248496
22.1613    0.0050     -3.79248496
22.2193    0.0017     -3.79872425
22.2193    0.0017     -3.79872425
22.2273    0.0097     -3.79420967
22.2273    0.0097     -3.79420967
22.3400    0.0089     -3.80093495
22.3400    0.0089     -3.80093495
22.3855    0.0012     -3.80790950
22.3855    0.0012     -3.80790950
22.3986    0.0074     -3.80487849
22.3986    0.0074     -3.80487849
22.4190    0.0080     -3.80579889
22.4190    0.0080     -3.80579889
22.4975    0.0018     -3.81445525
22.4975    0.0018     -3.81445525
22.5062    0.0087     -3.81040927
22.5062    0.0087     -3.81040927
22.5139    0.0016     -3.81394506
22.5139    0.0016     -3.81394506
22.5262    0.0011     -3.81580473
22.5262    0.0011     -3.81580473
22.5624    0.0027     -3.81617999
22.5624    0.0027     -3.81617999
22.5835    0.0070     -3.81548815
22.5835    0.0070     -3.81548815
22.5999    0.0034     -3.81796969
22.5999    0.0034     -3.81796969
22.6216    0.0020     -3.81980695
22.6216    0.0020     -3.81980695
22.6279    0.0005     -3.82078235
22.6279    0.0005     -3.82078235
22.6486    0.0027     -3.82101914
22.6486    0.0027     -3.82101914
22.7335    0.0041     -3.82514352
22.7335    0.0041     -3.82514352
22.7766    0.0013     -3.82876327
22.7766    0.0013     -3.82876327
22.8422    0.0090     -3.82906843
22.8422    0.0090     -3.82906843
22.9617    0.0047     -3.83755105
22.9617    0.0047     -3.83755105
22.9867    0.0003     -3.84112203
22.9867    0.0003     -3.84112203
22.9944    0.0058     -3.83889223
22.9944    0.0058     -3.83889223
23.0256    0.0007     -3.84284888
23.0256    0.0007     -3.84284888
23.0274    0.0037     -3.84163510
23.0274    0.0037     -3.84163510
23.0611    0.0076     -3.84179667
23.0611    0.0076     -3.84179667
23.1120    0.0091     -3.84395788
23.1120    0.0091     -3.84395788
23.2041    0.0013     -3.85355816
23.2041    0.0013     -3.85355816
23.2413    0.0086     -3.85126804
23.2413    0.0086     -3.85126804
23.2815    0.0053     -3.85493488
23.2815    0.0053     -3.85493488
23.2822    0.0015     -3.85791008
23.2822    0.0015     -3.85791008
23.3656    0.0002     -3.86176643
23.3656    0.0002     -3.86176643
23.4094    0.0017     -3.86494738
23.4094    0.0017     -3.86494738
23.4164    0.0089     -3.86073725
23.4164    0.0089     -3.86073725
23.5791    0.0009     -3.87385911
23.5791    0.0009     -3.87385911
23.6387    0.0046     -3.87471104
23.6387    0.0046     -3.87471104
23.6893    0.0057     -3.87694914
23.6893    0.0057     -3.87694914
23.7925    0.0003     -3.88514194
23.7925    0.0003     -3.88514194
23.7970    0.0076     -3.88194434
23.7970    0.0076     -3.88194434
23.8317    0.0071     -3.88402290
23.8317    0.0071     -3.88402290
23.8670    0.0078     -3.88564223
23.8670    0.0078     -3.88564223
23.9271    0.0016     -3.89156239
23.9271    0.0016     -3.89156239
23.9541    0.0014     -3.89432359
23.9541    0.0014     -3.89432359
23.9899    0.0007     -3.89532191
23.9899    0.0007     -3.89532191
24.0330    0.0062     -3.89521960
24.0330    0.0062     -3.89521960
24.0982    0.0026     -3.90031554
24.0982    0.0026     -3.90031554
24.1379    0.0081     -3.90000876
24.1379    0.0081     -3.90000876
24.1806    0.0061     -3.90318242
24.1806    0.0061     -3.90318242
24.1992    0.0083     -3.90321436
24.1992    0.0083     -3.90321436
24.2118    0.0085     -3.90378492
24.2118    0.0085     -3.90378492
24.2847    0.0001     -3.91138578
24.2847    0.0001     -3.91138578
24.3020    0.0006     -3.91254885
24.3020    0.0006     -3.91254885
24.3769    0.0015     -3.91690634
24.3769    0.0015     -3.91690634
24.3883    0.0012     -3.91738977
24.3883    0.0012     -3.91738977
24.4651    0.0052     -3.91864232
24.4651    0.0052     -3.91864232
24.4982    0.0034     -3.92116731
24.4982    0.0034     -3.92116731
24.5997    0.0075     -3.92473469
24.5997    0.0075     -3.92473469
24.6367    0.0081     -3.92640494
24.6367    0.0081     -3.92640494
24.7505    0.0063     -3.93318230
24.7505    0.0063     -3.93318230
24.7695    0.0014     -3.93754204
24.7695    0.0014     -3.93754204
24.8033    0.0006     -3.93896217
24.8033    0.0006     -3.93896217
24.8242    0.0026     -3.93864224
24.8242    0.0026     -3.93864224
24.8351    0.0021     -3.93945409
24.8351    0.0021     -3.93945409
24.8888    0.0009     -3.94353115
24.8888    0.0009     -3.94353115
24.9012    0.0032     -3.94241619
24.9012    0.0032     -3.94241619
24.9337    0.0015     -3.94483211
24.9337    0.0015     -3.94483211
25.0651    0.0037     -3.95071128
25.0651    0.0037     -3.95071128
25.1162    0.0042     -3.95314840
25.1162    0.0042     -3.95314840
25.1189    0.0010     -3.95467390
25.1189    0.0010     -3.95467390
25.2074    0.0079     -3.95626028
25.2074    0.0079     -3.95626028
25.2409    0.0070     -3.95836188
25.2409    0.0070     -3.95836188
25.2517    0.0064     -3.95918391
25.2517    0.0064     -3.95918391
25.3144    0.0042     -3.96338254
25.3144    0.0042     -3.96338254
25.3476    0.0016     -3.96620381
25.3476    0.0016     -3.96620381
25.3499    0.0079     -3.96358732
25.3499    0.0079     -3.96358732
25.3649    0.0008     -3.96743400
25.3649    0.0008     -3.96743400
25.3888    0.0005     -3.96880124
25.3888    0.0005     -3.96880124
25.3934    0.0013     -3.96985506
25.3934    0.0013     -3.96985506
25.3937    0.0064     -3.96647887
25.3937    0.0064     -3.96647887
25.4534    0.0074     -3.96913445
25.4534    0.0074     -3.96913445
25.4629    0.0073     -3.96963027
25.4629    0.0073     -3.96963027
25.4856    0.0056     -3.97154978
25.4856    0.0056     -3.97154978
25.5320    0.0010     -3.97680601
25.5320    0.0010     -3.97680601
25.5477    0.0010     -3.97762500
25.5477    0.0010     -3.97762500
25.5510    0.0024     -3.97627788
25.5510    0.0024     -3.97627788
25.6023    0.0002     -3.97989721
25.6023    0.0002     -3.97989721
25.6442    0.0014     -3.98270578
25.6442    0.0014     -3.98270578
25.6465    0.0046     -3.98021354
25.6465    0.0046     -3.98021354
25.7409    0.0001     -3.98697089
25.7409    0.0001     -3.98697089
25.8839    0.0075     -3.99101822
25.8839    0.0075     -3.99101822
25.9366    0.0047     -3.99488484
25.9366    0.0047     -3.99488484
25.9697    0.0032     -3.99722638
25.9697    0.0032     -3.99722638
26.0538    0.0004     -4.00303475
26.0538    0.0004     -4.00303475
26.0582    0.0050     -4.00092881
26.0582    0.0050     -4.00092881
26.1047    0.0065     -4.00260483
26.1047    0.0065     -4.00260483
26.1718    0.0002     -4.00888860
26.1718    0.0002     -4.00888860
26.2601    0.0074     -4.00998027
26.2601    0.0074     -4.00998027
26.2732    0.0011     -4.01437618
26.2732    0.0011     -4.01437618
26.3807    0.0071     -4.01615177
26.3807    0.0071     -4.01615177
26.4535    0.0012     -4.02339825
26.4535    0.0012     -4.02339825
26.5216    0.0073     -4.02307084
26.5216    0.0073     -4.02307084
26.5459    0.0052     -4.02520910
26.5459    0.0052     -4.02520910
26.5723    0.0013     -4.02936428
26.5723    0.0013     -4.02936428
26.5936    0.0038     -4.02818163
26.5936    0.0038     -4.02818163
26.6259    0.0063     -4.02868787
26.6259    0.0063     -4.02868787
26.6776    0.0005     -4.03422443
26.6776    0.0005     -4.03422443
26.6780    0.0058     -4.03151342
26.6780    0.0058     -4.03151342
26.7085    0.0008     -4.03588484
26.7085    0.0008     -4.03588484
26.7508    0.0009     -4.03722501
26.7508    0.0009     -4.03722501
26.7743    0.0016     -4.03808442
26.7743    0.0016     -4.03808442
26.7858    0.0067     -4.03643748
26.7858    0.0067     -4.03643748
26.8782    0.0064     -4.04111146
26.8782    0.0064     -4.04111146
26.9364    0.0003     -4.04664359
26.9364    0.0003     -4.04664359
26.9410    0.0051     -4.04478627
26.9410    0.0051     -4.04478627
27.0064    0.0023     -4.04919980
27.0064    0.0023     -4.04919980
27.0600    0.0012     -4.05335332
27.0600    0.0012     -4.05335332
27.0749    0.0021     -4.05267412
27.0749    0.0021     -4.05267412
27.1044    0.0025     -4.05391908
27.1044    0.0025     -4.05391908
27.1054    0.0054     -4.05270691
27.1054    0.0054     -4.05270691
27.1260    0.0016     -4.05536911
27.1260    0.0016     -4.05536911
27.1541    0.0069     -4.05444959
27.1541    0.0069     -4.05444959
27.2141    0.0030     -4.05908789
27.2141    0.0030     -4.05908789
27.2542    0.0007     -4.06262758
27.2542    0.0007     -4.06262758
27.2573    0.0012     -4.06195935
27.2573    0.0012     -4.06195935
27.3269    0.0002     -4.06595475
27.3269    0.0002     -4.06595475
27.3475    0.0069     -4.06388079
27.3475    0.0069     -4.06388079
27.3520    0.0070     -4.06402744
27.3520    0.0070     -4.06402744
27.4031    0.0034     -4.06810425
27.4031    0.0034     -4.06810425
27.4087    0.0043     -4.06795807
27.4087    0.0043     -4.06795807
27.4418    0.0030     -4.07014321
27.4418    0.0030     -4.07014321
27.4675    0.0008     -4.07234183
27.4675    0.0008     -4.07234183
27.5484    0.0012     -4.07712542
27.5484    0.0012     -4.07712542
27.5521    0.0010     -4.07721292
27.5521    0.0010     -4.07721292
27.6699    0.0037     -4.08083566
27.6699    0.0037     -4.08083566
27.7090    0.0063     -4.08157986
27.7090    0.0063     -4.08157986
27.7224    0.0068     -4.08201505
27.7224    0.0068     -4.08201505
27.7324    0.0055     -4.08306141
27.7324    0.0055     -4.08306141
27.7548    0.0004     -4.08636077
27.7548    0.0004     -4.08636077
27.8972    0.0008     -4.09374035
27.8972    0.0008     -4.09374035
27.9029    0.0012     -4.09415703
27.9029    0.0012     -4.09415703
27.9137    0.0006     -4.09441959
27.9137    0.0006     -4.09441959
28.0121    0.0041     -4.09710020
28.0121    0.0041     -4.09710020
28.0203    0.0058     -4.09674465
28.0203    0.0058     -4.09674465
28.0710    0.0035     -4.10013733
28.0710    0.0035     -4.10013733
28.1096    0.0053     -4.10122229
28.1096    0.0053     -4.10122229
28.1169    0.0001     -4.10381565
28.1169    0.0001     -4.10381565
28.1327    0.0061     -4.10194028
28.1327    0.0061     -4.10194028
28.1460    0.0010     -4.10480848
28.1460    0.0010     -4.10480848
28.2062    0.0016     -4.10740218
28.2062    0.0016     -4.10740218
28.2848    0.0004     -4.11164202
28.2848    0.0004     -4.11164202
28.3583    0.0066     -4.11245866
28.3583    0.0066     -4.11245866
28.3986    0.0046     -4.11519693
28.3986    0.0046     -4.11519693
28.4225    0.0056     -4.11591164
28.4225    0.0056     -4.11591164
28.4271    0.0043     -4.11667536
28.4271    0.0043     -4.11667536
28.4444    0.0063     -4.11662097
28.4444    0.0063     -4.11662097
28.4641    0.0022     -4.11933867
28.4641    0.0022     -4.11933867
28.4788    0.0066     -4.11812320
28.4788    0.0066     -4.11812320
28.5510    0.0002     -4.12447074
28.5510    0.0002     -4.12447074
28.5676    0.0011     -4.12565347
28.5676    0.0011     -4.12565347
28.5919    0.0062     -4.12362806
28.5919    0.0062     -4.12362806
28.6022    0.0009     -4.12720967
28.6022    0.0009     -4.12720967
28.6197    0.0000     -4.12764641
28.6197    0.0000     -4.12764641
28.6846    0.0008     -4.13103910
28.6846    0.0008     -4.13103910
28.7970    0.0011     -4.13642513
28.7970    0.0011     -4.13642513
28.8814    0.0040     -4.13815188
28.8814    0.0040     -4.13815188
28.9117    0.0046     -4.13930808
28.9117    0.0046     -4.13930808
28.9145    0.0028     -4.14020216
28.9145    0.0028     -4.14020216
28.9489    0.0063     -4.14025779
28.9489    0.0063     -4.14025779
29.0538    0.0004     -4.14806514
29.0538    0.0004     -4.14806514
29.1439    0.0004     -4.15225752
29.1439    0.0004     -4.15225752
29.1711    0.0056     -4.15090713
29.1711    0.0056     -4.15090713
29.3350    0.0020     -4.16002886
29.3350    0.0020     -4.16002886
29.3459    0.0017     -4.16068826
29.3459    0.0017     -4.16068826
29.3646    0.0010     -4.16269628
29.3646    0.0010     -4.16269628
29.3985    0.0024     -4.16279510
29.3985    0.0024     -4.16279510
29.4087    0.0062     -4.16158238
29.4087    0.0062     -4.16158238
29.4229    0.0053     -4.16265628
29.4229    0.0053     -4.16265628
29.4310    0.0013     -4.16476241
29.4310    0.0013     -4.16476241
29.4626    0.0047     -4.16472526
29.4626    0.0047     -4.16472526
29.4921    0.0056     -4.16568511
29.4921    0.0056     -4.16568511
29.5225    0.0060     -4.16691434
29.5225    0.0060     -4.16691434
29.5358    0.0027     -4.16895266
29.5358    0.0027     -4.16895266
29.5457    0.0048     -4.16850168
29.5457    0.0048     -4.16850168
29.5484    0.0033     -4.16929523
29.5484    0.0033     -4.16929523
29.5493    0.0011     -4.17029914
29.5493    0.0011     -4.17029914
29.5897    0.0010     -4.17219576
29.5897    0.0010     -4.17219576
29.6219    0.0005     -4.17432286
29.6219    0.0005     -4.17432286
29.6255    0.0010     -4.17466475
29.6255    0.0010     -4.17466475
29.6364    0.0062     -4.17204675
29.6364    0.0062     -4.17204675
29.6426    0.0016     -4.17433819
29.6426    0.0016     -4.17433819
29.6455    0.0005     -4.17492928
29.6455    0.0005     -4.17492928
29.7376    0.0011     -4.17983483
29.7376    0.0011     -4.17983483
29.7460    0.0031     -4.17842353
29.7460    0.0031     -4.17842353
29.7521    0.0058     -4.17749052
29.7521    0.0058     -4.17749052
29.8209    0.0006     -4.18289083
29.8209    0.0006     -4.18289083
29.8474    0.0007     -4.18467008
29.8474    0.0007     -4.18467008
29.8582    0.0043     -4.18301618
29.8582    0.0043     -4.18301618
29.9238    0.0021     -4.18692093
29.9238    0.0021     -4.18692093
29.9295    0.0001     -4.18806815
29.9295    0.0001     -4.18806815
29.9739    0.0055     -4.18771596
29.9739    0.0055     -4.18771596
30.0275    0.0034     -4.19108944
30.0275    0.0034     -4.19108944
30.0759    0.0048     -4.19264350
30.0759    0.0048     -4.19264350
30.1229    0.0004     -4.19671257
30.1229    0.0004     -4.19671257
30.1801    0.0010     -4.19988137
30.1801    0.0010     -4.19988137
30.1978    0.0059     -4.19768285
30.1978    0.0059     -4.19768285
30.2515    0.0007     -4.20296196
30.2515    0.0007     -4.20296196
30.3545    0.0037     -4.20571667
30.3545    0.0037     -4.20571667
30.3783    0.0036     -4.20679695
30.3783    0.0036     -4.20679695
30.3876    0.0026     -4.20764962
30.3876    0.0026     -4.20764962
30.3961    0.0003     -4.20928851
30.3961    0.0003     -4.20928851
30.4935    0.0001     -4.21349422
30.4935    0.0001     -4.21349422
30.4945    0.0059     -4.21099932
30.4945    0.0059     -4.21099932
30.4963    0.0058     -4.21113805
30.4963    0.0058     -4.21113805
30.7180    0.0008     -4.22392256
30.7180    0.0008     -4.22392256
30.7205    0.0010     -4.22410273
30.7205    0.0010     -4.22410273
30.7481    0.0049     -4.22277799
30.7481    0.0049     -4.22277799
30.7960    0.0038     -4.22536387
30.7960    0.0038     -4.22536387
30.8213    0.0058     -4.22562532
30.8213    0.0058     -4.22562532
30.8267    0.0054     -4.22603025
30.8267    0.0054     -4.22603025
30.8324    0.0048     -4.22654305
30.8324    0.0048     -4.22654305
30.8624    0.0052     -4.22772646
30.8624    0.0052     -4.22772646
30.9303    0.0001     -4.23304381
30.9303    0.0001     -4.23304381
30.9389    0.0008     -4.23370264
30.9389    0.0008     -4.23370264
30.9594    0.0011     -4.23380965
30.9594    0.0011     -4.23380965
30.9857    0.0044     -4.23352460
30.9857    0.0044     -4.23352460
31.0169    0.0006     -4.23655470
31.0169    0.0006     -4.23655470
31.0259    0.0030     -4.23589710
31.0259    0.0030     -4.23589710
31.0369    0.0005     -4.23794358
31.0369    0.0005     -4.23794358
31.0446    0.0010     -4.23847090
31.0446    0.0010     -4.23847090
31.0750    0.0054     -4.23704265
31.0750    0.0054     -4.23704265
31.0828    0.0016     -4.23905744
31.0828    0.0016     -4.23905744
31.2543    0.0002     -4.24720334
31.2543    0.0002     -4.24720334
31.2781    0.0040     -4.24658608
31.2781    0.0040     -4.24658608
31.3194    0.0039     -4.24845022
31.3194    0.0039     -4.24845022
31.3851    0.0020     -4.25214661
31.3851    0.0020     -4.25214661
31.4305    0.0003     -4.25515124
31.4305    0.0003     -4.25515124
31.4666    0.0055     -4.25420976
31.4666    0.0055     -4.25420976
31.4753    0.0049     -4.25485003
31.4753    0.0049     -4.25485003
31.5093    0.0056     -4.25603811
31.5093    0.0056     -4.25603811
31.5874    0.0017     -4.26115420
31.5874    0.0017     -4.26115420
31.6111    0.0020     -4.26205544
31.6111    0.0020     -4.26205544
31.6120    0.0056     -4.26050122
31.6120    0.0056     -4.26050122
31.6328    0.0014     -4.26326272
31.6328    0.0014     -4.26326272
31.6677    0.0001     -4.26543570
31.6677    0.0001     -4.26543570
31.6803    0.0008     -4.26627341
31.6803    0.0008     -4.26627341
31.7037    0.0023     -4.26595767
31.7037    0.0023     -4.26595767
31.7253    0.0053     -4.26556924
31.7253    0.0053     -4.26556924
31.7418    0.0009     -4.26898303
31.7418    0.0009     -4.26898303
31.7469    0.0011     -4.26835543
31.7469    0.0011     -4.26835543
31.8215    0.0042     -4.27024466
31.8215    0.0042     -4.27024466
31.8280    0.0034     -4.27087044
31.8280    0.0034     -4.27087044
31.8415    0.0007     -4.27323149
31.8415    0.0007     -4.27323149
31.8611    0.0025     -4.27270030
31.8611    0.0025     -4.27270030
31.8646    0.0025     -4.27281826
31.8646    0.0025     -4.27281826
31.9291    0.0008     -4.27637359
31.9291    0.0008     -4.27637359
31.9540    0.0009     -4.27819788
31.9540    0.0009     -4.27819788
31.9913    0.0004     -4.27959520
31.9913    0.0004     -4.27959520
32.0306    0.0055     -4.27872569
32.0306    0.0055     -4.27872569
32.0927    0.0028     -4.28256215
32.0927    0.0028     -4.28256215
32.1782    0.0005     -4.28722770
32.1782    0.0005     -4.28722770
32.2421    0.0048     -4.28812587
32.2421    0.0048     -4.28812587
32.2480    0.0045     -4.28851998
32.2480    0.0045     -4.28851998
32.2503    0.0004     -4.29073408
32.2503    0.0004     -4.29073408
32.2538    0.0049     -4.28859249
32.2538    0.0049     -4.28859249
32.3755    0.0011     -4.29544852
32.3755    0.0011     -4.29544852
32.3868    0.0030     -4.29508485
32.3868    0.0030     -4.29508485
32.3976    0.0007     -4.29657518
32.3976    0.0007     -4.29657518
32.4113    0.0050     -4.29528060
32.4113    0.0050     -4.29528060
32.4231    0.0043     -4.29611271
32.4231    0.0043     -4.29611271
32.4290    0.0041     -4.29644761
32.4290    0.0041     -4.29644761
32.4720    0.0008     -4.30041641
32.4720    0.0008     -4.30041641
32.4925    0.0003     -4.30080081
32.4925    0.0003     -4.30080081
32.5033    0.0028     -4.30015333
32.5033    0.0028     -4.30015333
32.5264    0.0015     -4.30171015
32.5264    0.0015     -4.30171015
32.5578    0.0053     -4.30139055
32.5578    0.0053     -4.30139055
32.5923    0.0003     -4.30505365
32.5923    0.0003     -4.30505365
32.6093    0.0006     -4.30614938
32.6093    0.0006     -4.30614938
32.6661    0.0052     -4.30608077
32.6661    0.0052     -4.30608077
32.7449    0.0033     -4.31025629
32.7449    0.0033     -4.31025629
32.7528    0.0051     -4.30978543
32.7528    0.0051     -4.30978543
32.7581    0.0053     -4.30991826
32.7581    0.0053     -4.30991826
32.7821    0.0036     -4.31168132
32.7821    0.0036     -4.31168132
32.7978    0.0008     -4.31426498
32.7978    0.0008     -4.31426498
32.8479    0.0019     -4.31519313
32.8479    0.0019     -4.31519313
32.8704    0.0001     -4.31695287
32.8704    0.0001     -4.31695287
32.9046    0.0009     -4.31882317
32.9046    0.0009     -4.31882317
32.9565    0.0000     -4.32064810
32.9565    0.0000     -4.32064810
32.9930    0.0006     -4.32243190
32.9930    0.0006     -4.32243190
33.0798    0.0043     -4.32396153
33.0798    0.0043     -4.32396153
33.0801    0.0048     -4.32375439
33.0801    0.0048     -4.32375439
33.1650    0.0034     -4.32792531
33.1650    0.0034     -4.32792531
33.2615    0.0051     -4.33124680
33.2615    0.0051     -4.33124680
33.2815    0.0006     -4.33458814
33.2815    0.0006     -4.33458814
33.3019    0.0031     -4.33380407
33.3019    0.0031     -4.33380407
33.3095    0.0001     -4.33552544
33.3095    0.0001     -4.33552544
33.3105    0.0008     -4.33589032
33.3105    0.0008     -4.33589032
33.3350    0.0023     -4.33554275
33.3350    0.0023     -4.33554275
33.4848    0.0003     -4.34294593
33.4848    0.0003     -4.34294593
33.6301    0.0044     -4.34694854
33.6301    0.0044     -4.34694854
33.6385    0.0051     -4.34700517
33.6385    0.0051     -4.34700517
33.6448    0.0036     -4.34792481
33.6448    0.0036     -4.34792481
33.6455    0.0050     -4.34734112
33.6455    0.0050     -4.34734112
33.6690    0.0041     -4.34869545
33.6690    0.0041     -4.34869545
33.7593    0.0046     -4.35222088
33.7593    0.0046     -4.35222088
33.7865    0.0007     -4.35505177
33.7865    0.0007     -4.35505177
33.7885    0.0043     -4.35356574
33.7885    0.0043     -4.35356574
33.7969    0.0011     -4.35531898
33.7969    0.0011     -4.35531898
33.8076    0.0002     -4.35634674
33.8076    0.0002     -4.35634674
33.8463    0.0016     -4.35713780
33.8463    0.0016     -4.35713780
33.8571    0.0014     -4.35769723
33.8571    0.0014     -4.35769723
33.8753    0.0038     -4.35741240
33.8753    0.0038     -4.35741240
33.8854    0.0007     -4.35976947
33.8854    0.0007     -4.35976947
33.8930    0.0008     -4.36013510
33.8930    0.0008     -4.36013510
33.8999    0.0019     -4.35924625
33.8999    0.0019     -4.35924625
33.9298    0.0050     -4.35911319
33.9298    0.0050     -4.35911319
33.9324    0.0011     -4.36091786
33.9324    0.0011     -4.36091786
33.9418    0.0004     -4.36163371
33.9418    0.0004     -4.36163371
33.9505    0.0047     -4.36010331
33.9505    0.0047     -4.36010331
33.9729    0.0015     -4.36243287
33.9729    0.0015     -4.36243287
33.9807    0.0027     -4.36224831
33.9807    0.0027     -4.36224831
34.0047    0.0007     -4.36469108
34.0047    0.0007     -4.36469108
34.0176    0.0021     -4.36400278
34.0176    0.0021     -4.36400278
34.0546    0.0048     -4.36437793
34.0546    0.0048     -4.36437793
34.0716    0.0009     -4.36676672
34.0716    0.0009     -4.36676672
34.1696    0.0005     -4.37139456
34.1696    0.0005     -4.37139456
34.1817    0.0037     -4.37007637
34.1817    0.0037     -4.37007637
34.1923    0.0008     -4.37247295
34.1923    0.0008     -4.37247295
34.1988    0.0024     -4.37136176
34.1988    0.0024     -4.37136176
34.2461    0.0034     -4.37287132
34.2461    0.0034     -4.37287132
34.2606    0.0001     -4.37489480
34.2606    0.0001     -4.37489480
34.2740    0.0007     -4.37518584
34.2740    0.0007     -4.37518584
34.3119    0.0019     -4.37621849
34.3119    0.0019     -4.37621849
34.3620    0.0004     -4.37923624
34.3620    0.0004     -4.37923624
34.4425    0.0026     -4.38125317
34.4425    0.0026     -4.38125317
34.5118    0.0048     -4.38311352
34.5118    0.0048     -4.38311352
34.5384    0.0005     -4.38609416
34.5384    0.0005     -4.38609416
34.5457    0.0043     -4.38470756
34.5457    0.0043     -4.38470756
34.6602    0.0048     -4.38915404
34.6602    0.0048     -4.38915404
34.7384    0.0002     -4.39450793
34.7384    0.0002     -4.39450793
34.7473    0.0028     -4.39358512
34.7473    0.0028     -4.39358512
34.7485    0.0049     -4.39272194
34.7485    0.0049     -4.39272194
34.7732    0.0038     -4.39419536
34.7732    0.0038     -4.39419536
34.7756    0.0007     -4.39624680
34.7756    0.0007     -4.39624680
34.7761    0.0029     -4.39468593
34.7761    0.0029     -4.39468593
34.8092    0.0022     -4.39634327
34.8092    0.0022     -4.39634327
34.8619    0.0046     -4.39742709
34.8619    0.0046     -4.39742709
34.8635    0.0003     -4.39939029
34.8635    0.0003     -4.39939029
34.9160    0.0007     -4.40194801
34.9160    0.0007     -4.40194801
34.9701    0.0005     -4.40400945
34.9701    0.0005     -4.40400945
35.0015    0.0006     -4.40534572
35.0015    0.0006     -4.40534572
35.0254    0.0041     -4.40426093
35.0254    0.0041     -4.40426093
35.0946    0.0038     -4.40717134
35.0946    0.0038     -4.40717134
35.1117    0.0029     -4.40824658
35.1117    0.0029     -4.40824658
35.1141    0.0008     -4.40996203
35.1141    0.0008     -4.40996203
35.1177    0.0043     -4.40788925
35.1177    0.0043     -4.40788925
35.1246    0.0048     -4.40797654
35.1246    0.0048     -4.40797654
35.1825    0.0008     -4.41204708
35.1825    0.0008     -4.41204708
35.2228    0.0011     -4.41351831
35.2228    0.0011     -4.41351831
35.2476    0.0001     -4.41495560
35.2476    0.0001     -4.41495560
35.3015    0.0004     -4.41696714
35.3015    0.0004     -4.41696714
35.3242    0.0035     -4.41654745
35.3242    0.0035     -4.41654745
35.3486    0.0043     -4.41718005
35.3486    0.0043     -4.41718005
35.3687    0.0004     -4.42001616
35.3687    0.0004     -4.42001616
35.3702    0.0045     -4.41797141
35.3702    0.0045     -4.41797141
35.4165    0.0038     -4.42009521
35.4165    0.0038     -4.42009521
35.4219    0.0014     -4.42134989
35.4219    0.0014     -4.42134989
35.4581    0.0025     -4.42234462
35.4581    0.0025     -4.42234462
35.5339    0.0031     -4.42511085
35.5339    0.0031     -4.42511085
35.5782    0.0001     -4.42816012
35.5782    0.0001     -4.42816012
35.5912    0.0007     -4.42905548
35.5912    0.0007     -4.42905548
35.6291    0.0005     -4.43048174
35.6291    0.0005     -4.43048174
35.6888    0.0001     -4.43265773
35.6888    0.0001     -4.43265773
35.7072    0.0046     -4.43134887
35.7072    0.0046     -4.43134887
35.7112    0.0031     -4.43216453
35.7112    0.0031     -4.43216453
35.7770    0.0018     -4.43536393
35.7770    0.0018     -4.43536393
35.7794    0.0045     -4.43427148
35.7794    0.0045     -4.43427148
35.8110    0.0045     -4.43553418
35.8110    0.0045     -4.43553418
35.8850    0.0046     -4.43840739
35.8850    0.0046     -4.43840739
35.9705    0.0007     -4.44410066
35.9705    0.0007     -4.44410066
36.0089    0.0001     -4.44536833
36.0089    0.0001     -4.44536833
36.0118    0.0032     -4.44403908
36.0118    0.0032     -4.44403908
36.0729    0.0007     -4.44817536
36.0729    0.0007     -4.44817536
36.0999    0.0014     -4.44832347
36.0999    0.0014     -4.44832347
36.1088    0.0039     -4.44759112
36.1088    0.0039     -4.44759112
36.1193    0.0016     -4.44899440
36.1193    0.0016     -4.44899440
36.1410    0.0012     -4.45003578
36.1410    0.0012     -4.45003578
36.1436    0.0005     -4.45086791
36.1436    0.0005     -4.45086791
36.1849    0.0002     -4.45235424
36.1849    0.0002     -4.45235424
36.1940    0.0042     -4.45078928
36.1940    0.0042     -4.45078928
36.1990    0.0018     -4.45204357
36.1990    0.0018     -4.45204357
36.2423    0.0010     -4.45411554
36.2423    0.0010     -4.45411554
36.2505    0.0027     -4.45366506
36.2505    0.0027     -4.45366506
36.2836    0.0021     -4.45524949
36.2836    0.0021     -4.45524949
36.3362    0.0006     -4.45847168
36.3362    0.0006     -4.45847168
36.3386    0.0020     -4.45744521
36.3386    0.0020     -4.45744521
36.3402    0.0045     -4.45642178
36.3402    0.0045     -4.45642178
36.4033    0.0008     -4.46052663
36.4033    0.0008     -4.46052663
36.4272    0.0038     -4.46012897
36.4272    0.0038     -4.46012897
36.4484    0.0007     -4.46293077
36.4484    0.0007     -4.46293077
36.4854    0.0040     -4.46231767
36.4854    0.0040     -4.46231767
36.5243    0.0036     -4.46404270
36.5243    0.0036     -4.46404270
36.5375    0.0022     -4.46515374
36.5375    0.0022     -4.46515374
36.5431    0.0033     -4.46488400
36.5431    0.0033     -4.46488400
36.5850    0.0008     -4.46762387
36.5850    0.0008     -4.46762387
36.5882    0.0003     -4.46821497
36.5882    0.0003     -4.46821497
36.6233    0.0006     -4.46921377
36.6233    0.0006     -4.46921377
36.6529    0.0011     -4.47013790
36.6529    0.0011     -4.47013790
36.6704    0.0005     -4.47108389
36.6704    0.0005     -4.47108389
36.6981    0.0042     -4.47056211
36.6981    0.0042     -4.47056211
36.7338    0.0003     -4.47389589
36.7338    0.0003     -4.47389589
36.7753    0.0032     -4.47396932
36.7753    0.0032     -4.47396932
36.7837    0.0044     -4.47377853
36.7837    0.0044     -4.47377853
36.7947    0.0024     -4.47510497
36.7947    0.0024     -4.47510497
36.7950    0.0044     -4.47425344
36.7950    0.0044     -4.47425344
36.8474    0.0039     -4.47650330
36.8474    0.0039     -4.47650330
36.8732    0.0014     -4.47857446
36.8732    0.0014     -4.47857446
36.9011    0.0004     -4.48010417
36.9011    0.0004     -4.48010417
36.9079    0.0002     -4.48044011
36.9079    0.0002     -4.48044011
36.9355    0.0023     -4.48058634
36.9355    0.0023     -4.48058634
37.0455    0.0044     -4.48395102
37.0455    0.0044     -4.48395102
37.0626    0.0042     -4.48468290
37.0626    0.0042     -4.48468290
37.0790    0.0041     -4.48535583
37.0790    0.0041     -4.48535583
37.0888    0.0006     -4.48780406
37.0888    0.0006     -4.48780406
37.1090    0.0025     -4.48721801
37.1090    0.0025     -4.48721801
37.1258    0.0034     -4.48749316
37.1258    0.0034     -4.48749316
37.1772    0.0029     -4.48969018
37.1772    0.0029     -4.48969018
37.2356    0.0002     -4.49310960
37.2356    0.0002     -4.49310960
37.2431    0.0017     -4.49275619
37.2431    0.0017     -4.49275619
37.2947    0.0000     -4.49549110
37.2947    0.0000     -4.49549110
37.3332    0.0004     -4.49713007
37.3332    0.0004     -4.49713007
37.4789    0.0027     -4.50139746
37.4789    0.0027     -4.50139746
37.5745    0.0042     -4.50438161
37.5745    0.0042     -4.50438161
37.6251    0.0001     -4.50812875
37.6251    0.0001     -4.50812875
37.6295    0.0038     -4.50665937
37.6295    0.0038     -4.50665937
37.7252    0.0026     -4.51087429
37.7252    0.0026     -4.51087429
37.7572    0.0034     -4.51171222
37.7572    0.0034     -4.51171222
37.7583    0.0020     -4.51239292
37.7583    0.0020     -4.51239292
37.8111    0.0042     -4.51343327
37.8111    0.0042     -4.51343327
37.8348    0.0036     -4.51461719
37.8348    0.0036     -4.51461719
37.8613    0.0038     -4.51554205
37.8613    0.0038     -4.51554205
37.8873    0.0043     -4.51631720
37.8873    0.0043     -4.51631720
37.9028    0.0028     -4.51753608
37.9028    0.0028     -4.51753608
37.9576    0.0033     -4.51939810
37.9576    0.0033     -4.51939810
37.9806    0.0004     -4.52190382
37.9806    0.0004     -4.52190382
37.9932    0.0008     -4.52184377
37.9932    0.0008     -4.52184377
38.0008    0.0041     -4.52071543
38.0008    0.0041     -4.52071543
38.0370    0.0039     -4.52215536
38.0370    0.0039     -4.52215536
38.0474    0.0005     -4.52401799
38.0474    0.0005     -4.52401799
38.0680    0.0000     -4.52504987
38.0680    0.0000     -4.52504987
38.0866    0.0011     -4.52526313
38.0866    0.0011     -4.52526313
38.2279    0.0042     -4.52926226
38.2279    0.0042     -4.52926226
38.2285    0.0030     -4.52978416
38.2285    0.0030     -4.52978416
38.2485    0.0003     -4.53173946
38.2485    0.0003     -4.53173946
38.3264    0.0014     -4.53420980
38.3264    0.0014     -4.53420980
38.3578    0.0013     -4.53539949
38.3578    0.0013     -4.53539949
38.3597    0.0040     -4.53432324
38.3597    0.0040     -4.53432324
38.3687    0.0012     -4.53588837
38.3687    0.0012     -4.53588837
38.3790    0.0029     -4.53551723
38.3790    0.0029     -4.53551723
38.4038    0.0015     -4.53705433
38.4038    0.0015     -4.53705433
38.4130    0.0022     -4.53710190
38.4130    0.0022     -4.53710190
38.4351    0.0035     -4.53738785
38.4351    0.0035     -4.53738785
38.4364    0.0010     -4.53851652
38.4364    0.0010     -4.53851652
38.4525    0.0038     -4.53789617
38.4525    0.0038     -4.53789617
38.5065    0.0017     -4.54084069
38.5065    0.0017     -4.54084069
38.5606    0.0008     -4.54326303
38.5606    0.0008     -4.54326303
38.5625    0.0002     -4.54375335
38.5625    0.0002     -4.54375335
38.6441    0.0027     -4.54556446
38.6441    0.0027     -4.54556446
38.6654    0.0019     -4.54673010
38.6654    0.0019     -4.54673010
38.7101    0.0016     -4.54850946
38.7101    0.0016     -4.54850946
38.7408    0.0006     -4.55009111
38.7408    0.0006     -4.55009111
38.8258    0.0040     -4.55180450
38.8258    0.0040     -4.55180450
38.8568    0.0041     -4.55294042
38.8568    0.0041     -4.55294042
38.8799    0.0020     -4.55467860
38.8799    0.0020     -4.55467860
38.9055    0.0030     -4.55521769
38.9055    0.0030     -4.55521769
38.9569    0.0040     -4.55671904
38.9569    0.0040     -4.55671904
38.9762    0.0005     -4.55894908
38.9762    0.0005     -4.55894908
39.0157    0.0041     -4.55885801
39.0157    0.0041     -4.55885801
39.1066    0.0002     -4.56411439
39.1066    0.0002     -4.56411439
39.1489    0.0022     -4.56462774
39.1489    0.0022     -4.56462774
39.1571    0.0035     -4.56436987
39.1571    0.0035     -4.56436987
39.2001    0.0024     -4.56643249
39.2001    0.0024     -4.56643249
39.2332    0.0019     -4.56789146
39.2332    0.0019     -4.56789146
39.2447    0.0035     -4.56760074
39.2447    0.0035     -4.56760074
39.2475    0.0033     -4.56778799
39.2475    0.0033     -4.56778799
39.2658    0.0003     -4.56977178
39.2658    0.0003     -4.56977178
39.3138    0.0037     -4.57006115
39.3138    0.0037     -4.57006115
39.3858    0.0037     -4.57276326
39.3858    0.0037     -4.57276326
39.3943    0.0031     -4.57331978
39.3943    0.0031     -4.57331978
39.4064    0.0008     -4.57476668
39.4064    0.0008     -4.57476668
39.4302    0.0040     -4.57426742
39.4302    0.0040     -4.57426742
39.4316    0.0006     -4.57580585
39.4316    0.0006     -4.57580585
39.4715    0.0023     -4.57650633
39.4715    0.0023     -4.57650633
39.4802    0.0031     -4.57651004
39.4802    0.0031     -4.57651004
39.5235    0.0011     -4.57897364
39.5235    0.0011     -4.57897364
39.6085    0.0002     -4.58248206
39.6085    0.0002     -4.58248206
39.6695    0.0038     -4.58317821
39.6695    0.0038     -4.58317821
39.6834    0.0028     -4.58408859
39.6834    0.0028     -4.58408859
39.7815    0.0013     -4.58835028
39.7815    0.0013     -4.58835028
39.8462    0.0025     -4.59023182
39.8462    0.0025     -4.59023182
39.8904    0.0021     -4.59200624
39.8904    0.0021     -4.59200624
39.9206    0.0035     -4.59251334
39.9206    0.0035     -4.59251334
39.9299    0.0039     -4.59265865
39.9299    0.0039     -4.59265865
39.9447    0.0038     -4.59323267
39.9447    0.0038     -4.59323267
40.0028    0.0001     -4.59699276
40.0028    0.0001     -4.59699276
40.0925    0.0038     -4.59865199
40.0925    0.0038     -4.59865199
40.1012    0.0031     -4.59926518
40.1012    0.0031     -4.59926518
40.1118    0.0026     -4.59989221
40.1118    0.0026     -4.59989221
40.1666    0.0039     -4.60131081
40.1666    0.0039     -4.60131081
40.1778    0.0016     -4.60272685
40.1778    0.0016     -4.60272685
40.2109    0.0037     -4.60301296
40.2109    0.0037     -4.60301296
40.2718    0.0026     -4.60571261
40.2718    0.0026     -4.60571261
40.4473    0.0000     -4.61320863
40.4473    0.0000     -4.61320863
40.6124    0.0012     -4.61866382
40.6124    0.0012     -4.61866382
40.6284    0.0013     -4.61917329
40.6284    0.0013     -4.61917329
40.6346    0.0033     -4.61853319
40.6346    0.0033     -4.61853319
40.6501    0.0010     -4.62009398
40.6501    0.0010     -4.62009398
40.6506    0.0038     -4.61890727
40.6506    0.0038     -4.61890727
40.6648    0.0031     -4.61970116
40.6648    0.0031     -4.61970116
40.6751    0.0023     -4.62044646
40.6751    0.0023     -4.62044646
40.6981    0.0015     -4.62161949
40.6981    0.0015     -4.62161949
40.7083    0.0018     -4.62185101
40.7083    0.0018     -4.62185101
40.7235    0.0034     -4.62168000
40.7235    0.0034     -4.62168000
40.7414    0.0008     -4.62345349
40.7414    0.0008     -4.62345349
40.7436    0.0034     -4.62240274
40.7436    0.0034     -4.62240274
40.7464    0.0027     -4.62284964
40.7464    0.0027     -4.62284964
40.7663    0.0031     -4.62335438
40.7663    0.0031     -4.62335438
40.8211    0.0016     -4.62598592
40.8211    0.0016     -4.62598592
40.8242    0.0008     -4.62645026
40.8242    0.0008     -4.62645026
40.8338    0.0029     -4.62588420
40.8338    0.0029     -4.62588420
40.8859    0.0007     -4.62871885
40.8859    0.0007     -4.62871885
40.9620    0.0037     -4.63013660
40.9620    0.0037     -4.63013660
40.9633    0.0010     -4.63134367
40.9633    0.0010     -4.63134367
40.9906    0.0035     -4.63124177
40.9906    0.0035     -4.63124177
40.9971    0.0018     -4.63224335
40.9971    0.0018     -4.63224335
41.0280    0.0038     -4.63248703
41.0280    0.0038     -4.63248703
41.0831    0.0006     -4.63585390
41.0831    0.0006     -4.63585390
41.1399    0.0027     -4.63697095
41.1399    0.0027     -4.63697095
41.1416    0.0036     -4.63662175
41.1416    0.0036     -4.63662175
41.2253    0.0019     -4.64035016
41.2253    0.0019     -4.64035016
41.2381    0.0013     -4.64108226
41.2381    0.0013     -4.64108226
41.2685    0.0027     -4.64153881
41.2685    0.0027     -4.64153881
41.3322    0.0004     -4.64481093
41.3322    0.0004     -4.64481093
41.3384    0.0037     -4.64360012
41.3384    0.0037     -4.64360012
41.3678    0.0020     -4.64540278
41.3678    0.0020     -4.64540278
41.3732    0.0036     -4.64489610
41.3732    0.0036     -4.64489610
41.4734    0.0032     -4.64865098
41.4734    0.0032     -4.64865098
41.5048    0.0020     -4.65025345
41.5048    0.0020     -4.65025345
41.5634    0.0034     -4.65173926
41.5634    0.0034     -4.65173926
41.5802    0.0024     -4.65276822
41.5802    0.0024     -4.65276822
41.6322    0.0003     -4.65553156
41.6322    0.0003     -4.65553156
41.6462    0.0015     -4.65550189
41.6462    0.0015     -4.65550189
41.8347    0.0022     -4.66189030
41.8347    0.0022     -4.66189030
41.8363    0.0028     -4.66167243
41.8363    0.0028     -4.66167243
41.8876    0.0036     -4.66313468
41.8876    0.0036     -4.66313468
41.9821    0.0002     -4.66794817
41.9821    0.0002     -4.66794817
42.0067    0.0036     -4.66732467
42.0067    0.0036     -4.66732467
42.0305    0.0031     -4.66837933
42.0305    0.0031     -4.66837933
42.0862    0.0029     -4.67041383
42.0862    0.0029     -4.67041383
42.1035    0.0035     -4.67076926
42.1035    0.0035     -4.67076926
42.1094    0.0032     -4.67109426
42.1094    0.0032     -4.67109426
42.1494    0.0036     -4.67233876
42.1494    0.0036     -4.67233876
42.1504    0.0021     -4.67301251
42.1504    0.0021     -4.67301251
42.1835    0.0017     -4.67436724
42.1835    0.0017     -4.67436724
42.2138    0.0023     -4.67518896
42.2138    0.0023     -4.67518896
42.2204    0.0031     -4.67503203
42.2204    0.0031     -4.67503203
42.2759    0.0027     -4.67716239
42.2759    0.0027     -4.67716239
42.3221    0.0033     -4.67851423
42.3221    0.0033     -4.67851423
42.4056    0.0010     -4.68244227
42.4056    0.0010     -4.68244227
42.4382    0.0034     -4.68256901
42.4382    0.0034     -4.68256901
42.4480    0.0028     -4.68314132
42.4480    0.0028     -4.68314132
42.5292    0.0035     -4.68566307
42.5292    0.0035     -4.68566307
42.5979    0.0025     -4.68851204
42.5979    0.0025     -4.68851204
42.6407    0.0023     -4.69007042
42.6407    0.0023     -4.69007042
42.6666    0.0034     -4.69051763
42.6666    0.0034     -4.69051763
42.6962    0.0012     -4.69248487
42.6962    0.0012     -4.69248487
42.8452    0.0019     -4.69738479
42.8452    0.0019     -4.69738479
42.8696    0.0011     -4.69854924
42.8696    0.0011     -4.69854924
42.8804    0.0010     -4.69898555
42.8804    0.0010     -4.69898555
42.9096    0.0013     -4.69987782
42.9096    0.0013     -4.69987782
42.9421    0.0009     -4.70118365
42.9421    0.0009     -4.70118365
43.0004    0.0014     -4.70296343
43.0004    0.0014     -4.70296343
43.0051    0.0031     -4.70237941
43.0051    0.0031     -4.70237941
43.0492    0.0023     -4.70427877
43.0492    0.0023     -4.70427877
43.0545    0.0007     -4.70512954
43.0545    0.0007     -4.70512954
43.0767    0.0035     -4.70470319
43.0767    0.0035     -4.70470319
43.0946    0.0034     -4.70534843
43.0946    0.0034     -4.70534843
43.1016    0.0029     -4.70583636
43.1016    0.0029     -4.70583636
43.1140    0.0024     -4.70644994
43.1140    0.0024     -4.70644994
43.1152    0.0014     -4.70691960
43.1152    0.0014     -4.70691960
43.1398    0.0034     -4.70691267
43.1398    0.0034     -4.70691267
43.1416    0.0015     -4.70778739
43.1416    0.0015     -4.70778739
43.2171    0.0006     -4.71079869
43.2171    0.0006     -4.71079869
43.2921    0.0035     -4.71213925
43.2921    0.0035     -4.71213925
43.3328    0.0017     -4.71432070
43.3328    0.0017     -4.71432070
43.3456    0.0033     -4.71405592
43.3456    0.0033     -4.71405592
43.4294    0.0005     -4.71815654
43.4294    0.0005     -4.71815654
43.4318    0.0029     -4.71717864
43.4318    0.0029     -4.71717864
43.4825    0.0031     -4.71886063
43.4825    0.0031     -4.71886063
43.5114    0.0028     -4.71998022
43.5114    0.0028     -4.71998022
43.5732    0.0018     -4.72252450
43.5732    0.0018     -4.72252450
43.6257    0.0020     -4.72421790
43.6257    0.0020     -4.72421790
43.6323    0.0025     -4.72423850
43.6323    0.0025     -4.72423850
43.6589    0.0016     -4.72552687
43.6589    0.0016     -4.72552687
43.6630    0.0032     -4.72500074
43.6630    0.0032     -4.72500074
43.6906    0.0004     -4.72715920
43.6906    0.0004     -4.72715920
43.7204    0.0026     -4.72722034
43.7204    0.0026     -4.72722034
43.7374    0.0034     -4.72744783
43.7374    0.0034     -4.72744783
43.7954    0.0029     -4.72964970
43.7954    0.0029     -4.72964970
43.8257    0.0031     -4.73058076
43.8257    0.0031     -4.73058076
43.8621    0.0019     -4.73235099
43.8621    0.0019     -4.73235099
43.9716    0.0032     -4.73550437
43.9716    0.0032     -4.73550437
44.0572    0.0024     -4.73878595
44.0572    0.0024     -4.73878595
44.1130    0.0033     -4.74026296
44.1130    0.0033     -4.74026296
44.1556    0.0012     -4.74263085
44.1556    0.0012     -4.74263085
44.1702    0.0034     -4.74218998
44.1702    0.0034     -4.74218998
44.1938    0.0025     -4.74334437
44.1938    0.0025     -4.74334437
44.1986    0.0020     -4.74374437
44.1986    0.0020     -4.74374437
44.2838    0.0032     -4.74609558
44.2838    0.0032     -4.74609558
44.3227    0.0018     -4.74803678
44.3227    0.0018     -4.74803678
44.4058    0.0032     -4.75021289
44.4058    0.0032     -4.75021289
44.4546    0.0033     -4.75182503
44.4546    0.0033     -4.75182503
44.5187    0.0021     -4.75450229
44.5187    0.0021     -4.75450229
44.5274    0.0029     -4.75447626
44.5274    0.0029     -4.75447626
44.5815    0.0021     -4.75664181
44.5815    0.0021     -4.75664181
44.5848    0.0014     -4.75705748
44.5848    0.0014     -4.75705748
44.6800    0.0031     -4.75953011
44.6800    0.0031     -4.75953011
44.7971    0.0026     -4.76367429
44.7971    0.0026     -4.76367429
44.8380    0.0028     -4.76497003
44.8380    0.0028     -4.76497003
44.8622    0.0029     -4.76572632
44.8622    0.0029     -4.76572632
44.9399    0.0026     -4.76845175
44.9399    0.0026     -4.76845175
44.9618    0.0032     -4.76891205
44.9618    0.0032     -4.76891205
45.0096    0.0022     -4.77097486
45.0096    0.0022     -4.77097486
45.0124    0.0030     -4.77071029
45.0124    0.0030     -4.77071029
45.1012    0.0019     -4.77414189
45.1012    0.0019     -4.77414189
45.1249    0.0010     -4.77533279
45.1249    0.0010     -4.77533279
45.1344    0.0016     -4.77540864
45.1344    0.0016     -4.77540864
45.1382    0.0011     -4.77572506
45.1382    0.0011     -4.77572506
45.1567    0.0032     -4.77542678
45.1567    0.0032     -4.77542678
45.1599    0.0009     -4.77655382
45.1599    0.0009     -4.77655382
45.1671    0.0024     -4.77611926
45.1671    0.0024     -4.77611926
45.1998    0.0012     -4.77772877
45.1998    0.0012     -4.77772877
45.2432    0.0008     -4.77938104
45.2432    0.0008     -4.77938104
45.2507    0.0031     -4.77859249
45.2507    0.0031     -4.77859249
45.2855    0.0032     -4.77971338
45.2855    0.0032     -4.77971338
45.2872    0.0030     -4.77984972
45.2872    0.0030     -4.77984972
45.2957    0.0029     -4.78021439
45.2957    0.0029     -4.78021439
45.3096    0.0014     -4.78133293
45.3096    0.0014     -4.78133293
45.3745    0.0006     -4.78379832
45.3745    0.0006     -4.78379832
45.4404    0.0026     -4.78513490
45.4404    0.0026     -4.78513490
45.4671    0.0015     -4.78651793
45.4671    0.0015     -4.78651793
45.4817    0.0022     -4.78667021
45.4817    0.0022     -4.78667021
45.5176    0.0022     -4.78786083
45.5176    0.0022     -4.78786083
45.5533    0.0005     -4.78978115
45.5533    0.0005     -4.78978115
45.5662    0.0030     -4.78912820
45.5662    0.0030     -4.78912820
45.6353    0.0032     -4.79134237
45.6353    0.0032     -4.79134237
45.6719    0.0016     -4.79325563
45.6719    0.0016     -4.79325563
45.6844    0.0031     -4.79301414
45.6844    0.0031     -4.79301414
45.8001    0.0017     -4.79743559
45.8001    0.0017     -4.79743559
45.9233    0.0017     -4.80151005
45.9233    0.0017     -4.80151005
45.9888    0.0020     -4.80351057
45.9888    0.0020     -4.80351057
45.9965    0.0023     -4.80365131
45.9965    0.0023     -4.80365131
46.0549    0.0013     -4.80598647
46.0549    0.0013     -4.80598647
46.0986    0.0028     -4.80676686
46.0986    0.0028     -4.80676686
46.1221    0.0026     -4.80763374
46.1221    0.0026     -4.80763374
46.2010    0.0031     -4.81002133
46.2010    0.0031     -4.81002133
46.2206    0.0018     -4.81123795
46.2206    0.0018     -4.81123795
46.2241    0.0031     -4.81076317
46.2241    0.0031     -4.81076317
46.2447    0.0031     -4.81145964
46.2447    0.0031     -4.81145964
46.2480    0.0027     -4.81171666
46.2480    0.0027     -4.81171666
46.2486    0.0026     -4.81179133
46.2486    0.0026     -4.81179133
46.3696    0.0028     -4.81565467
46.3696    0.0028     -4.81565467
46.3715    0.0025     -4.81587694
46.3715    0.0025     -4.81587694
46.4210    0.0031     -4.81721115
46.4210    0.0031     -4.81721115
46.4825    0.0030     -4.81928277
46.4825    0.0030     -4.81928277
46.5525    0.0023     -4.82183914
46.5525    0.0023     -4.82183914
46.5629    0.0019     -4.82238965
46.5629    0.0019     -4.82238965
46.5769    0.0018     -4.82285680
46.5769    0.0018     -4.82285680
46.6100    0.0015     -4.82408443
46.6100    0.0015     -4.82408443
46.6125    0.0029     -4.82355171
46.6125    0.0029     -4.82355171
46.6156    0.0023     -4.82391622
46.6156    0.0023     -4.82391622
46.8328    0.0031     -4.83064596
46.8328    0.0031     -4.83064596
46.8405    0.0026     -4.83108018
46.8405    0.0026     -4.83108018
46.9343    0.0028     -4.83404121
46.9343    0.0028     -4.83404121
46.9493    0.0019     -4.83491002
46.9493    0.0019     -4.83491002
46.9748    0.0029     -4.83530112
46.9748    0.0029     -4.83530112
46.9792    0.0021     -4.83579940
46.9792    0.0021     -4.83579940
47.1482    0.0024     -4.84115346
47.1482    0.0024     -4.84115346
47.2639    0.0030     -4.84461841
47.2639    0.0030     -4.84461841
47.2775    0.0016     -4.84565134
47.2775    0.0016     -4.84565134
47.3135    0.0030     -4.84620432
47.3135    0.0030     -4.84620432
47.3785    0.0020     -4.84873905
47.3785    0.0020     -4.84873905
47.3814    0.0010     -4.84927603
47.3814    0.0010     -4.84927603
47.3923    0.0009     -4.84967157
47.3923    0.0009     -4.84967157
47.4166    0.0011     -4.85036205
47.4166    0.0011     -4.85036205
47.4271    0.0029     -4.84990860
47.4271    0.0029     -4.84990860
47.4492    0.0008     -4.85154633
47.4492    0.0008     -4.85154633
47.4538    0.0029     -4.85074834
47.4538    0.0029     -4.85074834
47.4593    0.0019     -4.85136932
47.4593    0.0019     -4.85136932
47.4978    0.0012     -4.85292436
47.4978    0.0012     -4.85292436
47.5519    0.0007     -4.85489066
47.5519    0.0007     -4.85489066
47.5753    0.0030     -4.85462941
47.5753    0.0030     -4.85462941
47.5940    0.0026     -4.85538627
47.5940    0.0026     -4.85538627
47.6246    0.0013     -4.85695018
47.6246    0.0013     -4.85695018
47.6393    0.0026     -4.85685750
47.6393    0.0026     -4.85685750
47.6633    0.0025     -4.85767928
47.6633    0.0025     -4.85767928
47.7340    0.0027     -4.85984783
47.7340    0.0027     -4.85984783
47.7822    0.0024     -4.86151379
47.7822    0.0024     -4.86151379
47.7968    0.0014     -4.86241958
47.7968    0.0014     -4.86241958
47.8011    0.0028     -4.86195028
47.8011    0.0028     -4.86195028
47.8059    0.0023     -4.86230173
47.8059    0.0023     -4.86230173
47.8496    0.0021     -4.86381316
47.8496    0.0021     -4.86381316
47.9467    0.0028     -4.86661196
47.9467    0.0028     -4.86661196
48.0139    0.0015     -4.86930572
48.0139    0.0015     -4.86930572
48.0459    0.0029     -4.86969797
48.0459    0.0029     -4.86969797
48.0526    0.0017     -4.87042867
48.0526    0.0017     -4.87042867
48.0660    0.0022     -4.87066424
48.0660    0.0022     -4.87066424
48.0858    0.0014     -4.87162000
48.0858    0.0014     -4.87162000
48.2752    0.0016     -4.87757546
48.2752    0.0016     -4.87757546
48.2759    0.0028     -4.87706341
48.2759    0.0028     -4.87706341
48.3068    0.0029     -4.87799782
48.3068    0.0029     -4.87799782
48.3612    0.0021     -4.88006576
48.3612    0.0021     -4.88006576
48.3808    0.0026     -4.88046731
48.3808    0.0026     -4.88046731
48.3984    0.0028     -4.88092742
48.3984    0.0028     -4.88092742
48.4235    0.0029     -4.88169032
48.4235    0.0029     -4.88169032
48.4416    0.0020     -4.88265957
48.4416    0.0020     -4.88265957
48.4530    0.0024     -4.88284021
48.4530    0.0024     -4.88284021
48.5801    0.0017     -4.88718966
48.5801    0.0017     -4.88718966
48.6972    0.0027     -4.89041243
48.6972    0.0027     -4.89041243
48.7191    0.0028     -4.89107149
48.7191    0.0028     -4.89107149
48.7471    0.0029     -4.89192193
48.7471    0.0029     -4.89192193
48.7549    0.0015     -4.89274816
48.7549    0.0015     -4.89274816
48.9121    0.0022     -4.89742842
48.9121    0.0022     -4.89742842
48.9277    0.0017     -4.89810395
48.9277    0.0017     -4.89810395
48.9302    0.0018     -4.89813887
48.9302    0.0018     -4.89813887
49.0356    0.0025     -4.90117472
49.0356    0.0025     -4.90117472
49.0817    0.0023     -4.90266911
49.0817    0.0023     -4.90266911
49.1049    0.0025     -4.90330524
49.1049    0.0025     -4.90330524
49.1590    0.0024     -4.90505403
49.1590    0.0024     -4.90505403
49.1994    0.0026     -4.90624236
49.1994    0.0026     -4.90624236
49.2428    0.0022     -4.90776944
49.2428    0.0022     -4.90776944
49.2735    0.0028     -4.90846699
49.2735    0.0028     -4.90846699
49.2890    0.0026     -4.90903505
49.2890    0.0026     -4.90903505
49.3172    0.0018     -4.91026957
49.3172    0.0018     -4.91026957
49.3719    0.0028     -4.91153438
49.3719    0.0028     -4.91153438
49.3948    0.0028     -4.91226748
49.3948    0.0028     -4.91226748
49.5010    0.0022     -4.91583153
49.5010    0.0022     -4.91583153
49.5179    0.0021     -4.91641272
49.5179    0.0021     -4.91641272
49.5285    0.0017     -4.91691805
49.5285    0.0017     -4.91691805
49.5527    0.0028     -4.91716856
49.5527    0.0028     -4.91716856
49.5868    0.0027     -4.91829471
49.5868    0.0027     -4.91829471
49.6212    0.0027     -4.91935154
49.6212    0.0027     -4.91935154
49.6374    0.0009     -4.92064617
49.6374    0.0009     -4.92064617
49.6485    0.0010     -4.92095087
49.6485    0.0010     -4.92095087
49.6702    0.0008     -4.92170705
49.6702    0.0008     -4.92170705
49.7035    0.0011     -4.92261996
49.7035    0.0011     -4.92261996
49.7475    0.0019     -4.92363377
49.7475    0.0019     -4.92363377
49.8024    0.0011     -4.92564590
49.8024    0.0011     -4.92564590
49.8988    0.0024     -4.92807863
49.8988    0.0024     -4.92807863
49.9050    0.0019     -4.92849482
49.9050    0.0019     -4.92849482
49.9351    0.0028     -4.92904916
49.9351    0.0028     -4.92904916
49.9447    0.0012     -4.93001498
49.9447    0.0012     -4.93001498
49.9962    0.0027     -4.93097421
49.9962    0.0027     -4.93097421
