0.0             1.00000000      1.00000000      1.00000000      1.00000000      1.00000000     
0.1             0.99958939      0.96056421      0.35115513      0.04931860      0.00192488     
0.2             0.99835857      0.92268361      0.25135201      0.02790738      0.00089505     
0.3             0.99631058      0.88629686      0.19709911      0.01905046      0.00054795     
0.4             0.99345044      0.85134504      0.16168429      0.01417875      0.00037893     
0.5             0.98978518      0.81777158      0.13639153      0.01110696      0.00028114     
0.6             0.98532378      0.78552212      0.11730886      0.00900433      0.00021845     
0.7             0.98007714      0.75454444      0.10236215      0.00748311      0.00017543     
0.8             0.97405802      0.72478838      0.09032977      0.00633745      0.00014440     
0.9             0.96728103      0.69620579      0.08043767      0.00544789      0.00012118     
1.0             0.95976253      0.66875036      0.07216808      0.00474032      0.00010329     
1.1             0.95152058      0.64237767      0.06515988      0.00416642      0.00008917     
1.2             0.94257488      0.61704500      0.05915271      0.00369334      0.00007782     
1.3             0.93294664      0.59271135      0.05395363      0.00329800      0.00006853     
1.4             0.92265859      0.56933731      0.04941640      0.00296376      0.00006083     
1.5             0.91173480      0.54688504      0.04542800      0.00267830      0.00005437     
1.6             0.90020062      0.52531820      0.04189967      0.00243232      0.00004889     
1.7             0.88808259      0.50460187      0.03876065      0.00221872      0.00004421     
1.8             0.87540835      0.48470250      0.03595383      0.00203192      0.00004016     
1.9             0.86220649      0.46558787      0.03343260      0.00186754      0.00003664     
2.0             0.84850648      0.44722705      0.03115856      0.00172208      0.00003357     
2.1             0.83433857      0.42959030      0.02909974      0.00159270      0.00003086     
2.2             0.81973362      0.41264907      0.02722937      0.00147708      0.00002846     
2.3             0.80472308      0.39637593      0.02552482      0.00137333      0.00002633     
2.4             0.78933877      0.38074453      0.02396684      0.00127984      0.00002443     
2.5             0.77361289      0.36572957      0.02253900      0.00119532      0.00002272     
2.6             0.75757778      0.35130674      0.02122713      0.00111863      0.00002118     
2.7             0.74126593      0.33745268      0.02001899      0.00104884      0.00001979     
2.8             0.72470978      0.32414497      0.01890395      0.00098514      0.00001853     
2.9             0.70794168      0.31136206      0.01787272      0.00092684      0.00001738     
3.0             0.69099375      0.29908325      0.01691718      0.00087336      0.00001634     
3.1             0.67389779      0.28728867      0.01603016      0.00082416      0.00001538     
3.2             0.65668519      0.27595921      0.01520534      0.00077882      0.00001450     
3.3             0.63938683      0.26507655      0.01443712      0.00073694      0.00001369     
3.4             0.62203300      0.25462304      0.01372053      0.00069818      0.00001295     
3.5             0.60465332      0.24458178      0.01305112      0.00066223      0.00001226     
3.6             0.58727665      0.23493651      0.01242494      0.00062884      0.00001163     
3.7             0.56993103      0.22567160      0.01183842      0.00059778      0.00001104     
3.8             0.55264360      0.21677207      0.01128836      0.00056882      0.00001049     
3.9             0.53544056      0.20822349      0.01077189      0.00054179      0.00000998     
4.0             0.51834708      0.20001203      0.01028640      0.00051653      0.00000951     
4.1             0.50138730      0.19212440      0.00982954      0.00049288      0.00000906     
4.2             0.48458423      0.18454782      0.00939917      0.00047072      0.00000865     
4.3             0.46795975      0.17727004      0.00899336      0.00044991      0.00000826     
4.4             0.45153456      0.17027925      0.00861033      0.00043036      0.00000790     
4.5             0.43532817      0.16356416      0.00824847      0.00041198      0.00000756     
4.6             0.41935886      0.15711388      0.00790632      0.00039466      0.00000724     
4.7             0.40364367      0.15091797      0.00758253      0.00037833      0.00000694     
4.8             0.38819841      0.14496640      0.00727585      0.00036292      0.00000665     
4.9             0.37303762      0.13924953      0.00698516      0.00034836      0.00000639     
5.0             0.35817460      0.13375812      0.00670941      0.00033460      0.00000613     
5.1             0.34362140      0.12848326      0.00644764      0.00032157      0.00000590     
5.2             0.32938886      0.12341642      0.00619897      0.00030923      0.00000567     
5.3             0.31548658      0.11854940      0.00596258      0.00029753      0.00000546     
5.4             0.30192297      0.11387431      0.00573772      0.00028642      0.00000525     
5.5             0.28870525      0.10938359      0.00552368      0.00027588      0.00000506     
5.6             0.27583952      0.10506996      0.00531983      0.00026586      0.00000488     
5.7             0.26333075      0.10092645      0.00512555      0.00025632      0.00000471     
5.8             0.25118282      0.09694633      0.00494028      0.00024725      0.00000454     
5.9             0.23939858      0.09312318      0.00476352      0.00023861      0.00000438     
6.0             0.22797986      0.08945079      0.00459478      0.00023038      0.00000424     
6.1             0.21692753      0.08592323      0.00443361      0.00022253      0.00000409     
6.2             0.20624154      0.08253478      0.00427958      0.00021503      0.00000396     
6.3             0.19592095      0.07927996      0.00413231      0.00020787      0.00000383     
6.4             0.18596400      0.07615349      0.00399144      0.00020104      0.00000371     
6.5             0.17636816      0.07315032      0.00385661      0.00019450      0.00000359     
6.6             0.16713013      0.07026557      0.00372752      0.00018825      0.00000347     
6.7             0.15824594      0.06749460      0.00360386      0.00018226      0.00000337     
6.8             0.14971100      0.06483289      0.00348535      0.00017653      0.00000326     
6.9             0.14152009      0.06227616      0.00337172      0.00017104      0.00000316     
7.0             0.13366748      0.05982025      0.00326274      0.00016578      0.00000307     
7.1             0.12614694      0.05746119      0.00315817      0.00016073      0.00000298     
7.2             0.11895178      0.05519516      0.00305778      0.00015589      0.00000289     
7.3             0.11207492      0.05301850      0.00296138      0.00015124      0.00000281     
7.4             0.10550893      0.05092767      0.00286877      0.00014677      0.00000273     
7.5             0.09924606      0.04891930      0.00277977      0.00014248      0.00000265     
7.6             0.09327829      0.04699013      0.00269421      0.00013835      0.00000258     
7.7             0.08759739      0.04513704      0.00261192      0.00013439      0.00000251     
7.8             0.08219493      0.04335702      0.00253276      0.00013057      0.00000244     
7.9             0.07706234      0.04164720      0.00245657      0.00012690      0.00000237     
8.0             0.07219093      0.04000481      0.00238323      0.00012336      0.00000231     
8.1             0.06757193      0.03842719      0.00231260      0.00011996      0.00000225     
8.2             0.06319654      0.03691179      0.00224456      0.00011668      0.00000219     
8.3             0.05905594      0.03545614      0.00217900      0.00011351      0.00000213     
8.4             0.05514131      0.03405790      0.00211581      0.00011046      0.00000207     
8.5             0.05144390      0.03271480      0.00205487      0.00010752      0.00000202     
8.6             0.04795501      0.03142467      0.00199611      0.00010468      0.00000197     
8.7             0.04466603      0.03018541      0.00193941      0.00010194      0.00000192     
8.8             0.04156847      0.02899502      0.00188470      0.00009930      0.00000187     
8.9             0.03865395      0.02785158      0.00183189      0.00009674      0.00000183     
9.0             0.03591427      0.02675323      0.00178090      0.00009427      0.00000178     
9.1             0.03334138      0.02569820      0.00173165      0.00009189      0.00000174     
9.2             0.03092739      0.02468477      0.00168407      0.00008958      0.00000170     
9.3             0.02866463      0.02371131      0.00163810      0.00008735      0.00000166     
9.4             0.02654560      0.02277623      0.00159367      0.00008519      0.00000162     
9.5             0.02456304      0.02187803      0.00155071      0.00008310      0.00000158     
9.6             0.02270989      0.02101526      0.00150917      0.00008108      0.00000155     
9.7             0.02097931      0.02018650      0.00146899      0.00007912      0.00000151     
9.8             0.01936469      0.01939043      0.00143012      0.00007723      0.00000148     
9.9             0.01785966      0.01862576      0.00139251      0.00007539      0.00000144     
10.0            0.01645808      0.01789123      0.00135610      0.00007361      0.00000141     
10.1            0.01515404      0.01718568      0.00132086      0.00007189      0.00000138     
10.2            0.01394186      0.01650795      0.00128673      0.00007021      0.00000135     
10.3            0.01281612      0.01585694      0.00125367      0.00006859      0.00000132     
10.4            0.01177160      0.01523161      0.00122165      0.00006702      0.00000129     
10.5            0.01080334      0.01463094      0.00119063      0.00006550      0.00000126     
10.6            0.00990658      0.01405396      0.00116056      0.00006402      0.00000124     
10.7            0.00907679      0.01349973      0.00113142      0.00006258      0.00000121     
10.8            0.00830969      0.01296736      0.00110316      0.00006119      0.00000119     
10.9            0.00760116      0.01245598      0.00107576      0.00005983      0.00000116     
11.0            0.00694734      0.01196477      0.00104919      0.00005852      0.00000114     
11.1            0.00634455      0.01149293      0.00102341      0.00005724      0.00000111     
11.2            0.00578930      0.01103970      0.00099840      0.00005600      0.00000109     
11.3            0.00527831      0.01060434      0.00097413      0.00005479      0.00000107     
11.4            0.00480846      0.01018615      0.00095057      0.00005362      0.00000105     
11.5            0.00437685      0.00978445      0.00092770      0.00005248      0.00000103     
11.6            0.00398070      0.00939859      0.00090550      0.00005137      0.00000101     
11.7            0.00361744      0.00902795      0.00088394      0.00005029      0.00000099     
11.8            0.00328463      0.00867193      0.00086299      0.00004924      0.00000097     
11.9            0.00297999      0.00832994      0.00084265      0.00004822      0.00000095     
12.0            0.00270138      0.00800144      0.00082289      0.00004723      0.00000093     
12.1            0.00244681      0.00768590      0.00080368      0.00004626      0.00000091     
12.2            0.00221441      0.00738280      0.00078501      0.00004532      0.00000090     
12.3            0.00200244      0.00709165      0.00076687      0.00004440      0.00000088     
12.4            0.00180927      0.00681199      0.00074923      0.00004351      0.00000086     
12.5            0.00163340      0.00654335      0.00073208      0.00004264      0.00000085     
12.6            0.00147341      0.00628531      0.00071540      0.00004179      0.00000083     
12.7            0.00132800      0.00603745      0.00069918      0.00004097      0.00000082     
12.8            0.00119596      0.00579935      0.00068339      0.00004016      0.00000080     
12.9            0.00107616      0.00557065      0.00066804      0.00003938      0.00000079     
13.0            0.00096757      0.00535097      0.00065310      0.00003862      0.00000077     
13.1            0.00086922      0.00513995      0.00063856      0.00003787      0.00000076     
13.2            0.00078022      0.00493725      0.00062441      0.00003714      0.00000075     
13.3            0.00069977      0.00474255      0.00061063      0.00003643      0.00000073     
13.4            0.00062709      0.00455552      0.00059722      0.00003574      0.00000072     
13.5            0.00056150      0.00437587      0.00058416      0.00003507      0.00000071     
13.6            0.00050236      0.00420330      0.00057144      0.00003441      0.00000069     
13.7            0.00044908      0.00403754      0.00055906      0.00003377      0.00000068     
13.8            0.00040112      0.00387832      0.00054699      0.00003314      0.00000067     
13.9            0.00035799      0.00372538      0.00053524      0.00003253      0.00000066     
14.0            0.00031923      0.00357846      0.00052378      0.00003193      0.00000065     
14.1            0.00028444      0.00343734      0.00051262      0.00003135      0.00000064     
14.2            0.00025323      0.00330179      0.00050175      0.00003078      0.00000063     
14.3            0.00022525      0.00317158      0.00049114      0.00003022      0.00000062     
14.4            0.00020021      0.00304651      0.00048081      0.00002968      0.00000061     
14.5            0.00017780      0.00292636      0.00047073      0.00002915      0.00000060     
14.6            0.00015777      0.00281096      0.00046091      0.00002863      0.00000059     
14.7            0.00013989      0.00270011      0.00045133      0.00002812      0.00000058     
14.8            0.00012392      0.00259363      0.00044199      0.00002763      0.00000057     
14.9            0.00010969      0.00249135      0.00043287      0.00002714      0.00000056     
15.0            0.00009702      0.00239310      0.00042398      0.00002667      0.00000055     
15.1            0.00008574      0.00229872      0.00041531      0.00002621      0.00000054     
15.2            0.00007570      0.00220807      0.00040685      0.00002575      0.00000053     
15.3            0.00006679      0.00212100      0.00039859      0.00002531      0.00000052     
15.4            0.00005888      0.00203735      0.00039053      0.00002488      0.00000052     
15.5            0.00005186      0.00195701      0.00038267      0.00002445      0.00000051     
15.6            0.00004564      0.00187983      0.00037499      0.00002404      0.00000050     
15.7            0.00004014      0.00180570      0.00036750      0.00002364      0.00000049     
15.8            0.00003527      0.00173449      0.00036018      0.00002324      0.00000049     
15.9            0.00003096      0.00166609      0.00035304      0.00002285      0.00000048     
16.0            0.00002716      0.00160039      0.00034606      0.00002247      0.00000047     
16.1            0.00002381      0.00153727      0.00033925      0.00002210      0.00000046     
16.2            0.00002085      0.00147665      0.00033259      0.00002173      0.00000046     
16.3            0.00001824      0.00141842      0.00032609      0.00002138      0.00000045     
16.4            0.00001595      0.00136248      0.00031974      0.00002103      0.00000044     
16.5            0.00001393      0.00130875      0.00031354      0.00002069      0.00000044     
16.6            0.00001216      0.00125714      0.00030747      0.00002035      0.00000043     
16.7            0.00001061      0.00120756      0.00030155      0.00002003      0.00000042     
16.8            0.00000925      0.00115994      0.00029576      0.00001970      0.00000042     
16.9            0.00000805      0.00111420      0.00029011      0.00001939      0.00000041     
17.0            0.00000700      0.00107026      0.00028458      0.00001908      0.00000041     
17.1            0.00000609      0.00102805      0.00027917      0.00001878      0.00000040     
17.2            0.00000529      0.00098751      0.00027389      0.00001848      0.00000039     
17.3            0.00000459      0.00094857      0.00026872      0.00001819      0.00000039     
17.4            0.00000398      0.00091116      0.00026367      0.00001791      0.00000038     
17.5            0.00000345      0.00087523      0.00025873      0.00001763      0.00000038     
17.6            0.00000299      0.00084071      0.00025390      0.00001736      0.00000037     
17.7            0.00000258      0.00080756      0.00024917      0.00001709      0.00000037     
17.8            0.00000223      0.00077571      0.00024455      0.00001683      0.00000036     
17.9            0.00000193      0.00074512      0.00024003      0.00001657      0.00000036     
18.0            0.00000166      0.00071574      0.00023561      0.00001632      0.00000035     
18.1            0.00000143      0.00068751      0.00023128      0.00001607      0.00000035     
18.2            0.00000124      0.00066040      0.00022705      0.00001583      0.00000034     
18.3            0.00000106      0.00063435      0.00022291      0.00001559      0.00000034     
18.4            0.00000091      0.00060934      0.00021886      0.00001536      0.00000033     
18.5            0.00000079      0.00058531      0.00021489      0.00001513      0.00000033     
18.6            0.00000068      0.00056223      0.00021101      0.00001490      0.00000033     
18.7            0.00000058      0.00054005      0.00020721      0.00001468      0.00000032     
18.8            0.00000050      0.00051876      0.00020349      0.00001447      0.00000032     
18.9            0.00000043      0.00049830      0.00019985      0.00001425      0.00000031     
19.0            0.00000036      0.00047865      0.00019628      0.00001405      0.00000031     
19.1            0.00000031      0.00045977      0.00019279      0.00001384      0.00000030     
19.2            0.00000027      0.00044164      0.00018938      0.00001364      0.00000030     
19.3            0.00000023      0.00042422      0.00018603      0.00001344      0.00000030     
19.4            0.00000019      0.00040749      0.00018275      0.00001325      0.00000029     
19.5            0.00000017      0.00039143      0.00017954      0.00001306      0.00000029     
19.6            0.00000014      0.00037599      0.00017640      0.00001287      0.00000029     
19.7            0.00000012      0.00036116      0.00017332      0.00001269      0.00000028     
19.8            0.00000010      0.00034692      0.00017030      0.00001251      0.00000028     
19.9            0.00000009      0.00033324      0.00016735      0.00001233      0.00000027     
20.0            0.00000007      0.00032010      0.00016445      0.00001216      0.00000027     
20.1            0.00000006      0.00030747      0.00016161      0.00001199      0.00000027     
20.2            0.00000005      0.00029535      0.00015884      0.00001182      0.00000026     
20.3            0.00000004      0.00028370      0.00015611      0.00001166      0.00000026     
20.4            0.00000004      0.00027251      0.00015344      0.00001150      0.00000026     
20.5            0.00000003      0.00026177      0.00015083      0.00001134      0.00000025     
20.6            0.00000003      0.00025144      0.00014826      0.00001118      0.00000025     
20.7            0.00000002      0.00024153      0.00014575      0.00001103      0.00000025     
20.8            0.00000002      0.00023200      0.00014329      0.00001088      0.00000025     
20.9            0.00000002      0.00022285      0.00014087      0.00001073      0.00000024     
21.0            0.00000001      0.00021406      0.00013850      0.00001058      0.00000024     
21.1            0.00000001      0.00020562      0.00013618      0.00001044      0.00000024     
21.2            0.00000001      0.00019751      0.00013391      0.00001030      0.00000023     
21.3            0.00000001      0.00018972      0.00013168      0.00001016      0.00000023     
21.4            0.00000001      0.00018224      0.00012949      0.00001003      0.00000023     
21.5            0.00000001      0.00017506      0.00012734      0.00000989      0.00000023     
21.6            0.00000000      0.00016815      0.00012524      0.00000976      0.00000022     
21.7            0.00000000      0.00016152      0.00012317      0.00000963      0.00000022     
21.8            0.00000000      0.00015515      0.00012115      0.00000950      0.00000022     
21.9            0.00000000      0.00014903      0.00011917      0.00000938      0.00000022     
22.0            0.00000000      0.00014316      0.00011722      0.00000926      0.00000021     
22.1            0.00000000      0.00013751      0.00011531      0.00000913      0.00000021     
22.2            0.00000000      0.00013209      0.00011343      0.00000902      0.00000021     
22.3            0.00000000      0.00012688      0.00011159      0.00000890      0.00000021     
22.4            0.00000000      0.00012187      0.00010979      0.00000878      0.00000020     
22.5            0.00000000      0.00011707      0.00010802      0.00000867      0.00000020     
22.6            0.00000000      0.00011245      0.00010628      0.00000856      0.00000020     
22.7            0.00000000      0.00010802      0.00010458      0.00000845      0.00000020     
22.8            0.00000000      0.00010376      0.00010290      0.00000834      0.00000019     
22.9            0.00000000      0.00009967      0.00010126      0.00000824      0.00000019     
23.0            0.00000000      0.00009574      0.00009965      0.00000813      0.00000019     
23.1            0.00000000      0.00009196      0.00009807      0.00000803      0.00000019     
23.2            0.00000000      0.00008833      0.00009651      0.00000793      0.00000019     
23.3            0.00000000      0.00008485      0.00009499      0.00000783      0.00000018     
23.4            0.00000000      0.00008150      0.00009349      0.00000773      0.00000018     
23.5            0.00000000      0.00007829      0.00009202      0.00000763      0.00000018     
23.6            0.00000000      0.00007520      0.00009058      0.00000754      0.00000018     
23.7            0.00000000      0.00007224      0.00008916      0.00000745      0.00000018     
23.8            0.00000000      0.00006939      0.00008777      0.00000735      0.00000017     
23.9            0.00000000      0.00006665      0.00008641      0.00000726      0.00000017     
24.0            0.00000000      0.00006402      0.00008507      0.00000717      0.00000017     
24.1            0.00000000      0.00006150      0.00008375      0.00000709      0.00000017     
24.2            0.00000000      0.00005907      0.00008246      0.00000700      0.00000017     
24.3            0.00000000      0.00005674      0.00008119      0.00000691      0.00000016     
24.4            0.00000000      0.00005451      0.00007994      0.00000683      0.00000016     
24.5            0.00000000      0.00005236      0.00007871      0.00000675      0.00000016     
24.6            0.00000000      0.00005029      0.00007751      0.00000667      0.00000016     
24.7            0.00000000      0.00004831      0.00007633      0.00000659      0.00000016     
24.8            0.00000000      0.00004640      0.00007517      0.00000651      0.00000016     
24.9            0.00000000      0.00004457      0.00007403      0.00000643      0.00000015     
25.0            0.00000000      0.00004282      0.00007291      0.00000635      0.00000015     
25.1            0.00000000      0.00004113      0.00007180      0.00000628      0.00000015     
